../imgs/train_crops/negative/Trainnegative_sliced_images5611af7be0abf.jpgface11.bmp 0.276032 0.00120303 0.14927 0.00374259 0.246636 0.0449731 0.278144 
../imgs/train_crops/negative/TrainNegative692566.jpgface1.bmp 0.0776909 8.21984e-05 0.437475 0.0200896 0.408753 0.00723423 0.0486754 
../imgs/train_crops/negative/Trainnegative_sliced_imagesBFB67286-EB35-4B64-B079-1855A2E8325B_w987_r1_s.jpgbface14.bmp 0.116213 0.000951695 0.0785302 0.484535 0.0531132 0.01277 0.253887 
../imgs/train_crops/negative/Trainnegative_sliced_images23525934689_c86de2841a_b.jpgface18.bmp 0.237512 0.00471313 0.0341596 0.616132 0.0704376 0.000528702 0.0365169 
../imgs/train_crops/negative/Trainnegative_sliced_images150317115514-india-nun-rape-protest-3-super-169.jpgface9.bmp 0.217575 0.00799679 0.239048 0.000455576 0.45305 0.000440254 0.0814348 
../imgs/train_crops/negative/Trainnegative_sliced_images1421905455613.jpgbface9.bmp 0.0554714 1.76747e-07 0.00765426 0.00954047 0.854564 0.0030804 0.0696898 
../imgs/train_crops/negative/Trainnegative_sliced_images1468761683900983700.jpgface4.bmp 0.234158 0.00186928 0.222082 0.209703 0.0407621 0.0807018 0.210724 
../imgs/train_crops/negative/Trainnegative_sliced_images9059469352_973ae5d4fc_b.jpgface16.bmp 0.560883 0.00832595 0.0369096 0.109179 0.244519 0.0119633 0.0282207 
../imgs/train_crops/negative/TrainNegative58217060100489640360no.jpgface106.bmp 0.299948 7.82503e-05 0.153753 0.125378 0.352877 0.02165 0.0463158 
../imgs/train_crops/negative/Trainnegative_sliced_images120915104303-islam-protest-sat-02-horizontal-large-gallery.jpgface0.bmp 0.0832091 0.00132315 0.0879704 0.000540414 0.82114 0.00415143 0.00166581 
../imgs/train_crops/negative/Trainnegative_sliced_images8934193219_1fd7649065_b.jpgface5.bmp 0.7746 0.00277599 0.0117785 0.0625743 0.0691045 0.0400975 0.0390688 
../imgs/train_crops/negative/Trainnegative_sliced_imagesBN-OI247_OBAMA0_P_20160603205554.jpgbface7.bmp 0.141214 2.7748e-05 0.0393001 0.0246061 0.714094 0.00849065 0.0722673 
../imgs/train_crops/negative/Trainnegative_sliced_images9762940213_621f9caa99_b.jpgface28.bmp 0.0616409 0.00114013 0.0429511 0.104499 0.676801 0.000609134 0.112359 
../imgs/train_crops/negative/TrainNegativeBN-ES939_0926FR_G_20140926151428.jpgface11.bmp 0.489408 0.000135529 0.421311 0.00964295 0.040209 0.00571351 0.0335797 
../imgs/train_crops/negative/Trainnegative_sliced_images8621540999_46fb930159_b.jpgface0.bmp 0.143525 0.0114223 0.113289 0.00427263 0.605993 0.00806296 0.113435 
../imgs/train_crops/negative/Trainnegative_sliced_images2012101895945788734_20.jpgbface7.bmp 0.451939 0.0683971 0.174623 0.0685659 0.134142 0.0811472 0.0211855 
../imgs/train_crops/negative/Trainnegative_sliced_imagesf140723ma15.jpgbface25.bmp 0.546017 0.000901483 0.017387 0.0432504 0.247396 0.0899373 0.0551108 
../imgs/train_crops/negative/Trainnegative_sliced_images80923075.jpgface5.bmp 0.312537 0.00789792 0.344261 0.0593418 0.236667 0.024993 0.014302 
../imgs/train_crops/negative/Trainnegative_sliced_images21264442335_c03436703e_b.jpgface5.bmp 0.179278 0.000517282 0.0335014 0.294098 0.27255 0.000115694 0.21994 
../imgs/train_crops/negative/TrainNegative_51527780_011440713-1.jpgface3.bmp 0.269021 0.013598 0.0392289 0.261826 0.28689 0.0376628 0.0917733 
../imgs/train_crops/negative/TrainNegativecapt.sri10209151139.india_kashmir_pope_protest_sri102.jpgface5.bmp 0.0553569 0.00389539 0.0382718 0.405668 0.451358 0.00771407 0.0377355 
../imgs/train_crops/negative/TrainNegative17095395-mmmain.jpgface8.bmp 0.222587 0.0107855 0.116254 0.503612 0.0587865 0.0369328 0.0510417 
../imgs/train_crops/negative/Trainnegative_sliced_imagescharlie-hebdo-protests.jpgface5.bmp 0.0780537 0.000104239 0.0415096 0.0211507 0.832653 0.00576205 0.0207669 
../imgs/train_crops/negative/TrainNegative1377339863590.jpgface4.bmp 0.303133 0.00251636 0.114281 0.0406525 0.478716 0.00871185 0.0519891 
../imgs/train_crops/negative/TrainNegative54979631.jpgface24.bmp 0.088036 4.26224e-05 0.317074 0.43562 0.0739328 0.0018274 0.0834677 
../imgs/train_crops/negative/TrainNegative1461890525_e233784faa_o.jpgface15.bmp 0.407726 0.000198913 0.249654 0.161678 0.0728231 0.00349499 0.104425 
../imgs/train_crops/negative/TrainNegative58217060100489640360no.jpgface6.bmp 0.695493 0.0731973 0.020784 0.00255521 0.0517547 0.00294204 0.153274 
../imgs/train_crops/negative/Trainnegative_sliced_imagesegypt1.jpgface80.bmp 0.272755 0.00138252 0.0492961 0.0786565 0.506479 0.00348923 0.0879421 
../imgs/train_crops/negative/Trainnegative_sliced_images120913-muslim-protests-kb-1145a.jpgface2.bmp 0.215419 0.00175942 0.0463481 0.00529911 0.438106 0.00539513 0.287673 
../imgs/train_crops/negative/Trainnegative_sliced_images26259202380_0414451fae_b.jpgface3.bmp 0.0833546 0.000193448 0.0329111 0.206256 0.244535 0.156791 0.275958 
../imgs/train_crops/negative/Trainnegative_sliced_imagesDonald-Trump-Photo-by-Greg-Ramar-20-771x510.jpgface8.bmp 0.6681 0.00115137 0.0432364 0.199104 0.0454683 0.0238954 0.0190447 
../imgs/train_crops/negative/TrainNegative475338-india-gang-rape-protest.jpgface19.bmp 0.389465 0.000546424 0.082124 0.0548139 0.442535 0.00800879 0.0225062 
../imgs/train_crops/negative/Trainnegative_sliced_images15165788062_03ab46c97b_b.jpgface19.bmp 0.122644 0.000116394 0.0190698 0.0399215 0.740497 0.00109627 0.0766552 
../imgs/train_crops/negative/Trainnegative_sliced_images20141214-Joyce-Craig-funeral.jpgface0.bmp 0.138654 0.12715 0.139553 0.00525432 0.169412 0.00317774 0.416799 
../imgs/train_crops/negative/TrainNegative2015-09-08t200504z_1485595093_gf10000197992_rtrmadp_3_mideast-crisis-turkey-pkk.jpg_1718483346.jpgface14.bmp 0.167088 0.000136374 0.0907294 0.489423 0.0518205 0.021982 0.178821 
../imgs/train_crops/negative/Trainnegative_sliced_images2016-Law-Enforcement-Memorial-Service-007.jpgbface3.bmp 0.0630627 8.74956e-07 0.0230951 0.00748987 0.311114 0.00251229 0.592725 
../imgs/train_crops/negative/TrainNegativeCONGRESSPROTEST_350_630.jpgface1.bmp 0.0816504 0.0140836 0.174661 0.20887 0.28719 0.00187743 0.231668 
../imgs/train_crops/negative/Trainnegative_sliced_images120915104303-islam-protest-sat-02-horizontal-large-gallery.jpgface26.bmp 0.0357452 0.00724684 0.0235167 0.839887 0.0627472 0.0199957 0.0108617 
../imgs/train_crops/negative/TrainNegativecontent_mg383----Muslim-protest-aga.jpgface7.bmp 0.0911177 0.000467292 0.0325645 0.0135437 0.180913 0.00937577 0.672018 
../imgs/train_crops/negative/TrainNegative111934368.jpgface5.bmp 0.258517 0.00026851 0.115568 7.73412e-05 0.569718 0.000274682 0.0555775 
../imgs/train_crops/negative/Trainnegative_sliced_imagesgerman-muslims.jpgface39.bmp 0.0996422 0.0110294 0.175427 0.446701 0.0261898 0.0725705 0.16844 
../imgs/train_crops/negative/Trainnegative_sliced_images23893838515_885dcacf66_b.jpgface10.bmp 0.0179066 0.000117665 0.0278352 0.603855 0.291206 0.00204967 0.0570298 
../imgs/train_crops/negative/Trainnegative_sliced_images635643059207076558-Hernandez-protest-03.jpgbface62.bmp 0.342912 0.00576841 0.120763 0.131128 0.223834 0.056959 0.118636 
../imgs/train_crops/negative/Trainnegative_sliced_images12395095434_a5fcf97e4f_b.jpgface2.bmp 0.0829862 0.00119026 0.0779185 0.00910681 0.111668 0.105276 0.611854 
../imgs/train_crops/negative/Trainnegative_sliced_images14724442765_8879845c3c_b.jpgface0.bmp 0.0018848 3.6252e-07 0.0035586 0.880547 0.00674923 0.0662963 0.0409635 
../imgs/train_crops/negative/Trainnegative_sliced_images23525934689_c86de2841a_b.jpgface16.bmp 0.248213 0.0200482 0.159692 0.0730268 0.275611 0.00670887 0.216699 
../imgs/train_crops/negative/TrainNegative140518132419-vietnam-anti-china-story-top.jpgface19.bmp 0.227027 0.0528323 0.0101153 0.501443 0.0311852 0.128112 0.0492851 
../imgs/train_crops/negative/Trainnegative_sliced_images56824955.jpgface6.bmp 0.409829 0.00100543 0.051922 0.0201841 0.440243 0.00576346 0.0710535 
../imgs/train_crops/negative/TrainNegativearticle-0-13F633B8000005DC-524_634x497.jpgface9.bmp 0.195029 0.00230828 0.0860706 0.0364229 0.643432 0.00457047 0.0321669 
../imgs/train_crops/negative/Trainnegative_sliced_images5014884852_4c676bf896_b.jpgface13.bmp 0.254066 0.000672842 0.0625399 0.0118444 0.636124 0.00975264 0.0250002 
../imgs/train_crops/negative/Trainnegative_sliced_images2fd4c8d1a9314ee2995866eccda72c62.jpgbface10.bmp 0.510633 0.0113231 0.0324919 0.0723653 0.328526 0.00968494 0.0349761 
../imgs/train_crops/negative/TrainNegative1310712133377_1310712133377_r.jpgface1.bmp 0.0506745 5.95959e-06 0.0248783 0.000650692 0.46578 0.000809882 0.4572 
../imgs/train_crops/negative/TrainNegativeaptopix-india-rape-protest.jpgface39.bmp 0.210033 0.00270503 0.012105 0.496371 0.0543968 0.0047582 0.219631 
../imgs/train_crops/negative/Trainnegative_sliced_imagesEDL-Harrow9-11-09d.jpgface13.bmp 0.0485709 0.00029192 0.0232946 0.870122 0.0464049 0.00460033 0.00671485 
../imgs/train_crops/negative/Trainnegative_sliced_images500207424.jpgface7.bmp 0.0937625 0.000127683 0.131613 0.170894 0.514581 0.0185918 0.07043 
../imgs/train_crops/negative/Trainnegative_sliced_images1410930806_bangalore-rape-case.jpgface71.bmp 0.183865 8.7633e-05 0.031013 0.25162 0.0284593 0.00446349 0.500491 
../imgs/train_crops/negative/Trainnegative_sliced_images5g1a4164.jpgbface6.bmp 0.459136 0.0118689 0.0300351 0.104741 0.209023 0.0160974 0.169099 
../imgs/train_crops/negative/TrainNegative766354-muslim-protest-in-sydney.jpgface20.bmp 0.231466 0.000807869 0.168652 0.227272 0.0298243 0.0426506 0.299328 
../imgs/train_crops/negative/TrainNegativeGettyImages-576523338.jpgface1.bmp 0.087456 0.000533698 0.0158944 0.000936447 0.213859 0.00915976 0.672161 
../imgs/train_crops/negative/Trainnegative_sliced_imagesblacklivesmatter.jpgface1.bmp 0.462167 0.00101754 0.0420446 0.165541 0.0122009 0.0172729 0.299756 
../imgs/train_crops/negative/Trainnegative_sliced_images7239534782_cb830acb06_b.jpgface5.bmp 0.285927 1.50307e-05 0.208981 0.0434368 0.28351 0.000683727 0.177447 
../imgs/train_crops/negative/TrainNegativecorsica.jpgface20.bmp 0.405752 0.0384476 0.0352138 0.379654 0.0790745 0.0182772 0.0435803 
../imgs/train_crops/negative/Trainnegative_sliced_images170115m_CharlieHebdoProtest_800x600.jpgface25.bmp 0.254329 0.00309283 0.169402 0.0984323 0.451517 0.00503032 0.0181966 
../imgs/train_crops/negative/TrainNegative4864950986_a1ce1bb4b3_z.jpgface10.bmp 0.0461596 0.000154292 0.115545 0.0662061 0.571827 0.00288313 0.197225 
../imgs/train_crops/negative/Trainnegative_sliced_images54c10be7aa84b.jpgbface2.bmp 0.151945 0.00112708 0.20307 0.00120485 0.38365 0.00550554 0.253498 
../imgs/train_crops/negative/Trainnegative_sliced_images84065224_Libya_130443b.jpgbface5.bmp 0.0941325 0.00101122 0.100587 0.129651 0.569629 0.0123078 0.0926814 
../imgs/train_crops/negative/TrainNegative9ddaa052568c4a468e62705bc963196b-dc3814c0c6f14a2a8899b5545a843924-0_1.jpgface0.bmp 0.315864 6.61887e-05 0.225391 0.0104301 0.406611 0.0237127 0.0179252 
../imgs/train_crops/negative/Trainnegative_sliced_imagesayriakurdrefs003.jpgbface13.bmp 0.317953 0.00642641 0.381534 0.00220654 0.276118 0.000283765 0.0154778 
../imgs/train_crops/negative/Trainnegative_sliced_images1421905455613.jpgbface1.bmp 0.0297386 1.34745e-05 0.00443968 0.0537443 0.420779 0.000760443 0.490525 
../imgs/train_crops/negative/Trainnegative_sliced_images250A3B0B00000578-2925796-Fury_Supporters_of_Islamic_charity_Jamat_ud_Dawa_rally_against_C-a-27_1422214515064.jpgface60.bmp 0.729215 0.0345773 0.046271 0.0724677 0.0428852 0.0150179 0.0595663 
../imgs/train_crops/negative/Trainnegative_sliced_images711302_145184-gioror-image1.jpgface6.bmp 0.498146 0.0036787 0.0765229 0.181106 0.169446 0.0102073 0.0608933 
../imgs/train_crops/negative/Trainnegative_sliced_images20141214NYPROTESTss-slide-Y0LM-master1050.jpgface11.bmp 0.157304 0.0632722 0.0309804 0.179934 0.37029 0.103908 0.0943113 
../imgs/train_crops/negative/Trainnegative_sliced_imagesAparnaa-Bajpai-At-Rally.jpgbface11.bmp 0.0612946 0.00926995 0.211677 0.134965 0.0910724 0.169641 0.322081 
../imgs/train_crops/negative/Trainnegative_sliced_images5452934-3x2-700x467.jpgface15.bmp 0.272846 0.000306863 0.046679 0.453973 0.148186 0.0333012 0.0447089 
../imgs/train_crops/negative/Trainnegative_sliced_images12393561613_6b4314eda2_b.jpgface1.bmp 0.00561359 1.71521e-06 0.26258 0.00325796 0.390213 0.0325623 0.305772 
../imgs/train_crops/negative/TrainNegativeBritain-refugee-take-more-migrants-Oxfam-610418.jpgface9.bmp 0.418542 0.000473039 0.184161 0.0104796 0.316931 0.0561665 0.0132463 
../imgs/train_crops/negative/TrainNegative140226171007-muslims-protest-india-story-top.jpgface45.bmp 0.723229 0.0569078 0.0288443 0.0355964 0.115478 0.0298566 0.0100877 
../imgs/train_crops/negative/Trainnegative_sliced_images7425716772_21d1055fd1_b.jpgface25.bmp 0.354638 0.000731241 0.359233 0.191494 0.0329481 0.0104231 0.0505317 
../imgs/train_crops/negative/Trainnegative_sliced_imagesAparnaa-Bajpai-With-Kannada-Actress-Reshama-Dsouza-At-Rally.jpgbface2.bmp 0.0240152 0.00161414 0.133508 0.00737013 0.031818 0.01485 0.786824 
../imgs/train_crops/negative/TrainNegative58217060100489640360no.jpgface101.bmp 0.232955 0.0151585 0.136646 0.00480221 0.484842 0.00454538 0.12105 
../imgs/train_crops/negative/TrainNegative120919012955-islam-protests-0918-05-horizontal-gallery.jpgface56.bmp 0.0952203 0.159234 0.209618 0.0229601 0.44059 0.00307527 0.069302 
../imgs/train_crops/negative/Trainnegative_sliced_images9024323723_f788256548_b.jpgface9.bmp 0.0888688 0.000149537 0.0107518 0.862583 0.0143622 0.00151961 0.0217656 
../imgs/train_crops/negative/TrainNegativeaptopix-india-rape-protest.jpgface55.bmp 0.0805675 0.000546798 0.0284847 0.23461 0.0214518 0.0448124 0.589527 
../imgs/train_crops/negative/Trainnegative_sliced_images12393561613_6b4314eda2_b.jpgface10.bmp 0.168661 0.0389604 0.0198179 0.293279 0.369187 0.00788816 0.102206 
../imgs/train_crops/negative/Trainnegative_sliced_images000_Par7548979.jpgface10.bmp 0.267939 0.0244377 0.355727 0.0288498 0.177256 0.0228368 0.122953 
../imgs/train_crops/negative/Trainnegative_sliced_images82917617_libya_121709b.jpgbface16.bmp 0.155924 0.000253636 0.129456 0.109991 0.577399 0.00621411 0.0207617 
../imgs/train_crops/negative/Trainnegative_sliced_imagesBN-OI247_OBAMA0_J_20160603205554.jpgbface8.bmp 0.107839 8.65739e-05 0.00945995 0.0662694 0.486393 0.00194831 0.328004 
../imgs/train_crops/negative/Trainnegative_sliced_imagesAFP_Getty-514414124.jpgface9.bmp 0.136197 0.0478473 0.0522581 0.205929 0.125005 0.110213 0.322549 
../imgs/train_crops/negative/Trainnegative_sliced_images2014516104639593580_20.jpgbface16.bmp 0.380224 0.0116409 0.0698489 0.254156 0.180509 0.0576914 0.0459304 
../imgs/train_crops/negative/Trainnegative_sliced_images9166624005_4a8dafdc3d_b.jpgface2.bmp 0.485331 3.55272e-05 0.115056 0.17657 0.174007 0.00129008 0.047711 
../imgs/train_crops/negative/TrainNegative728969-melbourne.jpgface7.bmp 0.0281377 6.42346e-05 0.304397 0.00231176 0.593144 0.00225294 0.0696929 
../imgs/train_crops/negative/TrainNegative690971-libya.jpgface11.bmp 0.204848 0.00617464 0.200296 0.000744471 0.54799 0.0031741 0.0367727 
../imgs/train_crops/negative/Trainnegative_sliced_images2012101895945788734_20.jpgbface25.bmp 0.320046 0.00552565 0.175843 0.0790795 0.307447 0.0320602 0.0799985 
../imgs/train_crops/negative/Trainnegative_sliced_imagesbp31.jpgface3.bmp 0.777141 0.0168076 0.0917267 0.00490274 0.0990688 0.00185971 0.00849325 
../imgs/train_crops/negative/Trainnegative_sliced_images2D67901F-E6C0-4492-8A2B-E86106D91BB0_mw1024_s_n.jpgbface17.bmp 0.566 0.00486134 0.0661483 0.164279 0.16223 0.00244386 0.0340378 
../imgs/train_crops/negative/TrainNegativealicia-etheredge-and-bobby-brown-bobbi-kristina-brown-funeral-gty-lead.jpgface2.bmp 0.101603 0.00428271 0.164818 0.000137939 0.678708 0.0210823 0.0293672 
../imgs/train_crops/negative/TrainNegative517911325_5c2f55a235_o.jpgface1.bmp 0.454205 0.000220681 0.23858 0.00994572 0.245276 0.0006719 0.0511008 
../imgs/train_crops/negative/TrainNegative50930667.jpgface3.bmp 0.0485871 0.122837 0.113312 0.187709 0.193701 0.0236003 0.310254 
../imgs/train_crops/negative/Trainnegative_sliced_images8ff1e1cdfcd21f1b9de14460a9917f42cace5f93.jpgface16.bmp 0.190876 0.00389224 0.204164 0.386949 0.0349085 0.050681 0.128529 
../imgs/train_crops/negative/TrainNegative2012-Philippines-protest-vs-China.jpgface4.bmp 0.142561 0.0006075 0.114141 0.164773 0.343214 0.0422035 0.1925 
../imgs/train_crops/negative/TrainNegativearticle-2182630-14598631000005DC-336_634x368.jpgface16.bmp 0.330472 0.00810839 0.231313 0.262099 0.0984226 0.0103528 0.0592327 
../imgs/train_crops/negative/Trainnegative_sliced_images1459847259216_RG-BKT-birodha-rally.jpgface1.bmp 0.031917 0.000385381 0.0794832 0.699866 0.0347013 0.132619 0.0210282 
../imgs/train_crops/negative/Trainnegative_sliced_imagesbp31.jpgface8.bmp 0.384445 0.00158549 0.27823 0.0496292 0.255018 0.018371 0.0127213 
../imgs/train_crops/negative/Trainnegative_sliced_images23811354391_9a694c83fc_b.jpgface2.bmp 0.0716277 0.00184667 0.392563 0.00151665 0.501394 0.000644238 0.0304077 
../imgs/train_crops/negative/Trainnegative_sliced_images25713409675_4726abe61f_b.jpgface24.bmp 0.208271 0.00181893 0.0260212 0.438645 0.0251542 0.00632981 0.29376 
../imgs/train_crops/negative/TrainNegative0723-egypt-muslim-brotherhood-protests_full_600.jpgface15.bmp 0.00274113 8.73725e-06 0.00782448 0.00351424 0.977822 0.000247191 0.00784245 
../imgs/train_crops/negative/TrainNegativecc_muslim_fraternity_130408_wmain.jpgface3.bmp 0.000198205 1.02195e-05 4.83708e-05 0.984917 0.000167218 0.00255184 0.0121074 
../imgs/train_crops/negative/Trainnegative_sliced_images5480965120_06f56bc352_b.jpgface1.bmp 0.466353 0.0192519 0.100281 0.0406195 0.152172 0.160174 0.0611494 
../imgs/train_crops/negative/Trainnegative_sliced_images15367817186_302c2adc48_k.jpgface8.bmp 0.211364 0.041726 0.0643762 0.356228 0.183093 0.034715 0.108498 
../imgs/train_crops/negative/Trainnegative_sliced_images12506416913_a7ceee9c6f_b.jpgface1.bmp 0.00462987 4.45251e-08 0.0203504 0.0074444 0.0355148 0.00415639 0.927904 
../imgs/train_crops/negative/TrainNegativeCZmJJ35VIAALOQK.jpgface15.bmp 0.237266 0.00712644 0.0542401 0.428759 0.229994 0.0171457 0.0254682 
../imgs/train_crops/negative/Trainnegative_sliced_images6protest_8615.jpgbface7.bmp 0.365793 0.0794135 0.0449036 0.0419149 0.115353 0.00651308 0.346109 
../imgs/train_crops/negative/TrainNegative58217060100489640360no.jpgface33.bmp 0.318492 0.00807969 0.503069 0.00070426 0.122474 0.0349125 0.0122692 
../imgs/train_crops/negative/TrainNegative647877-120917-protest.jpgface10.bmp 0.35621 0.000547184 0.119519 0.0788946 0.0957334 0.302334 0.0467622 
../imgs/train_crops/negative/TrainNegative55602.p.jpgface16.bmp 0.0879336 6.83233e-05 0.193697 0.0395026 0.496571 0.0137973 0.16843 
../imgs/train_crops/negative/Trainnegative_sliced_images5655be79c461885a418b456f.jpgface11.bmp 0.0884256 0.00535786 0.33802 0.0195133 0.392961 0.102522 0.0532 
../imgs/train_crops/negative/Trainnegative_sliced_imagesAnti-Gaddafi-Libya-Protest-Whitehall-London-IMG-4906.jpgface3.bmp 0.238628 0.0264375 0.111934 0.340371 0.187519 0.0320895 0.0630201 
../imgs/train_crops/negative/TrainNegative_91334628_6ede5f4e-4a73-4c96-8e62-2f53c03a4177.jpgface6.bmp 0.336092 1.57559e-05 0.0335384 0.319641 0.28898 0.00510181 0.01663 
../imgs/train_crops/negative/Trainnegative_sliced_images1714502.jpgbface12.bmp 0.10345 0.238678 0.0226518 0.39804 0.0914103 0.0456327 0.100137 
../imgs/train_crops/negative/TrainNegative31670FFC00000578-3462532-image-a-2_1456349150971.jpgface3.bmp 0.282549 0.0316433 0.131776 0.0220932 0.431881 0.00047347 0.099585 
../imgs/train_crops/negative/TrainNegative_53933241_53933240.jpgface52.bmp 0.117301 0.00167615 0.0423311 0.520471 0.218873 0.00201321 0.0973353 
../imgs/train_crops/negative/Trainnegative_sliced_imagesfc833a00-805c-4f78-9624-2c0b9c39bcc9.jpgface3.bmp 0.335335 8.66556e-05 0.0879368 0.0140503 0.498429 0.00682071 0.0573416 
../imgs/train_crops/negative/Trainnegative_sliced_images24198561592_d40dc28740_b.jpgface5.bmp 0.0468551 0.000139618 0.180231 0.0128969 0.604122 0.00688176 0.148874 
../imgs/train_crops/negative/Trainnegative_sliced_images550586_315430-20141207_Protest_406.jpgface15.bmp 0.0836917 0.000507081 0.17494 0.499569 0.104279 0.000631299 0.136381 
../imgs/train_crops/negative/TrainNegativeaptopix-india-rape-protest.jpgface88.bmp 0.338748 0.000227646 0.180342 0.108308 0.108339 0.00427235 0.259763 
../imgs/train_crops/negative/Trainnegative_sliced_imagesGOP-2016-Trump_Wake-1024x581.jpgbface1.bmp 0.848304 0.0451968 0.0900032 0.00460738 0.00496528 0.00620988 0.000713275 
../imgs/train_crops/negative/TrainNegativeCONGRESSPROTEST_350_630.jpgface6.bmp 0.215175 0.016531 0.184636 0.172135 0.306525 0.0548547 0.0501438 
../imgs/train_crops/negative/TrainNegative1266604_Wallpaper2.jpgface8.bmp 0.076404 0.000323406 0.044072 0.0415341 0.474923 0.0163924 0.346351 
../imgs/train_crops/negative/Trainnegative_sliced_images23525934689_c86de2841a_b.jpgface17.bmp 0.106406 0.0138711 0.224906 0.0792349 0.195307 0.132499 0.247775 
../imgs/train_crops/negative/Trainnegative_sliced_images5014884852_4c676bf896_b.jpgface4.bmp 0.209213 0.00236419 0.0542136 0.0695322 0.594552 0.00209776 0.0680273 
../imgs/train_crops/negative/TrainNegativearticle-1359869-0D534771000005DC-221_634x448.jpgface9.bmp 0.025688 0.000165847 0.13237 0.00439396 0.832127 0.00314769 0.00210764 
../imgs/train_crops/negative/Trainnegative_sliced_imagesGTY_muslim_protest_jef_140926_16x9_992.jpgbface1.bmp 0.396646 0.00646896 0.274074 0.0894537 0.158333 0.0273526 0.047671 
../imgs/train_crops/negative/Trainnegative_sliced_images22venezuela-riots-videoSixteenByNine1050.jpgbface19.bmp 0.541573 0.000597176 0.11899 0.125553 0.102234 0.019087 0.0919653 
../imgs/train_crops/negative/Trainnegative_sliced_images1410930806_bangalore-rape-case.jpgface34.bmp 0.339872 0.000576799 0.158619 0.0982226 0.0847654 0.012369 0.305575 
../imgs/train_crops/negative/TrainNegative2A4AFF7D00000578-3151849-Participants_run_in_front_of_Jandilla_bulls_during_the_fist_enci-a-23_1436256594606.jpgface3.bmp 0.231549 0.00244438 0.185492 0.0579083 0.458295 0.00056652 0.0637449 
../imgs/train_crops/negative/TrainNegativeactivists-of-shiromani-akali-dalsad-badal-group-shout-slogans-against-fk40t0.jpgface2.bmp 0.178579 5.78064e-05 0.0876178 0.0893257 0.594754 0.00322906 0.0464369 
../imgs/train_crops/negative/Trainnegative_sliced_images2015-11-20-muslim-protest-isis.jpgface6.bmp 0.38427 0.00175922 0.027915 0.12812 0.282336 0.00253819 0.173062 
../imgs/train_crops/negative/Trainnegative_sliced_imagesanti-china-protesters-data.jpgface16.bmp 0.671516 0.00281501 0.0714256 0.123716 0.0590784 0.000716992 0.0707318 
../imgs/train_crops/negative/Trainnegative_sliced_images121223122719-02-india-rape-protest-1223-horizontal-large-gallery.jpgface11.bmp 0.10317 0.00192498 0.00450642 0.74842 0.0160214 0.098159 0.0277986 
../imgs/train_crops/negative/Trainnegative_sliced_images518320670_991d575fc7_b.jpgface0.bmp 0.116332 6.64283e-06 0.670658 0.000166448 0.129539 0.0233017 0.0599956 
../imgs/train_crops/negative/TrainNegativeFuneral-5656458.jpgface12.bmp 0.0427907 0.00132962 0.0293495 0.611221 0.232189 0.000445189 0.0826746 
../imgs/train_crops/negative/TrainNegative20112256529116360_20.jpgface3.bmp 0.252439 0.0118818 0.181629 0.0209508 0.332469 0.00850618 0.192125 
../imgs/train_crops/negative/Trainnegative_sliced_images2-Trump-Rally-Chicago.jpgface25.bmp 0.16148 3.54225e-05 0.0266278 0.658227 0.0179966 0.0314731 0.10416 
../imgs/train_crops/negative/Trainnegative_sliced_images29906170001_4797828822001_video-still-for-video-4797719969001.jpgbface20.bmp 0.152211 0.013114 0.0350733 0.40539 0.19418 0.0086182 0.191414 
../imgs/train_crops/negative/Trainnegative_sliced_images82917617_libya_121709b.jpgbface50.bmp 0.366848 0.0182186 0.0477697 0.210468 0.154776 0.0777829 0.124137 
../imgs/train_crops/negative/Trainnegative_sliced_images36AB11B900000578-3711913-A_piper_led_the_funeral_cortege_through_Ecclefechan_today_ahead_-a-78_1469709428253.jpgface2.bmp 0.390475 0.000446341 0.107642 0.314776 0.0325818 0.0207733 0.133306 
../imgs/train_crops/negative/Trainnegative_sliced_images2014516104639593580_20.jpgbface12.bmp 0.231945 0.00508101 0.103706 0.0463137 0.562374 0.0226443 0.027935 
../imgs/train_crops/negative/TrainNegative1445826796957.jpgface1.bmp 0.0187541 0.00119634 0.0112568 1.01238e-05 0.967739 4.52456e-05 0.000998126 
../imgs/train_crops/negative/Trainnegative_sliced_imagesegypt1.jpgface65.bmp 0.389618 0.00167888 0.0697589 0.163174 0.325413 0.00197729 0.0483798 
../imgs/train_crops/negative/TrainNegativeAQgCBlgeExBPAx0BBhtYV0pV.jpgface4.bmp 0.431659 0.0193894 0.24196 0.00310276 0.254116 0.0321241 0.017649 
../imgs/train_crops/negative/TrainNegativeegyptian-actor-hani-ramzy-l-attends-the-funeral-of-pope-shenouda-iii-frk8g8.jpgface0.bmp 0.0213124 1.84219e-05 0.038034 0.00459714 0.460406 0.00283438 0.472798 
../imgs/train_crops/negative/TrainNegativearticle-0-0D58723F000005DC-504_634x414.jpgface15.bmp 0.341628 0.195649 0.0671545 0.185518 0.144728 0.0451123 0.0202087 
../imgs/train_crops/negative/TrainNegative130108023045-nepal-protests-story-top.jpgface7.bmp 0.0623642 0.00538869 0.0881354 0.380711 0.365885 0.004392 0.0931239 
../imgs/train_crops/negative/Trainnegative_sliced_imagesegypt1.jpgface42.bmp 0.30162 0.0070277 0.148142 0.0631219 0.282485 0.00883631 0.188767 
../imgs/train_crops/negative/TrainNegative785805-muslim-group-protest.jpgface4.bmp 0.350562 0.00015696 0.0233865 0.0915256 0.490817 0.000299487 0.0432523 
../imgs/train_crops/negative/TrainNegative1147763-download-1469271204-298-640x480.jpgface8.bmp 0.399218 0.00819674 0.0904563 0.171412 0.281425 0.00943415 0.0398573 
../imgs/train_crops/negative/TrainNegative20160717_850_vietnamprotest_reuters.jpgface4.bmp 0.288218 0.020621 0.0917816 0.304537 0.251265 0.00412559 0.0394515 
../imgs/train_crops/negative/Trainnegative_sliced_images3A31FE8500000578-3918258-image-a-278_1478666716961.jpgface17.bmp 0.0202425 0.00699872 0.113283 0.162238 0.137121 0.0155808 0.544536 
../imgs/train_crops/negative/Trainnegative_sliced_imagesBurDEKGCUAAde2f.jpgbface3.bmp 0.13454 8.04046e-06 0.146377 0.00325568 0.187844 0.00219465 0.525781 
../imgs/train_crops/negative/Trainnegative_sliced_imagesbulls09.jpgface5.bmp 0.252275 0.000171344 0.26518 0.0913704 0.371678 0.00394852 0.015377 
../imgs/train_crops/negative/TrainNegative655168-121219-delhi-protests.jpgface8.bmp 0.49366 0.0754292 0.00636444 0.0904103 0.266054 0.00157054 0.0665115 
../imgs/train_crops/negative/Trainnegative_sliced_images005044de-14f9-11e6-95eb-aaf30b46b489_1280x720.jpgface34.bmp 0.076039 0.158063 0.0142341 0.644058 0.0222187 0.0609438 0.0244433 
../imgs/train_crops/negative/Trainnegative_sliced_images1462699393-img_9801.jpgbface6.bmp 0.19905 0.00148607 0.225131 0.149152 0.14733 0.00701768 0.270834 
../imgs/train_crops/negative/Trainnegative_sliced_images305752-bangkok-protest.jpgbface4.bmp 0.119772 1.58075e-05 0.0722522 0.0933842 0.683963 8.65269e-05 0.0305262 
../imgs/train_crops/negative/Trainnegative_sliced_imagese5ac06ea6e754e51bfe6d11f9614db54_9.jpgbface1.bmp 0.0657035 0.000534374 0.10117 0.0255248 0.493486 0.169921 0.143661 
../imgs/train_crops/negative/Trainnegative_sliced_images9046603365_5e3a0fe9db_b.jpgface23.bmp 0.188483 0.000990251 0.0467774 0.266678 0.142458 0.031177 0.323436 
../imgs/train_crops/negative/Trainnegative_sliced_images13173429365_d7d32761b6_b.jpgbface7.bmp 0.280315 0.000442302 0.223213 0.0799116 0.372317 0.0014436 0.0423565 
../imgs/train_crops/negative/TrainNegative140226171007-muslims-protest-india-story-top.jpgface31.bmp 0.40174 0.0524208 0.0475961 0.0921338 0.313655 0.0601135 0.0323406 
../imgs/train_crops/negative/TrainNegative2015_12$largeimg104_Dec_2015_201034007gallery.jpgface14.bmp 0.163906 8.31655e-05 0.103657 0.00463994 0.587608 0.00354763 0.136558 
../imgs/train_crops/negative/TrainNegative425459-afp-jnu-protests-4.jpgface28.bmp 0.176202 0.0118984 0.204912 0.170527 0.363793 0.0478661 0.0248007 
../imgs/train_crops/negative/Trainnegative_sliced_imagesAPTOPIX-France-Church-Attack-Funeral.jpgbface26.bmp 0.2608 0.00703957 0.0544241 0.380666 0.0718764 0.0737475 0.151446 
../imgs/train_crops/negative/Trainnegative_sliced_images550586_315430-20141207_Protest_381.jpgface8.bmp 0.139967 0.00265767 0.138069 0.445884 0.110609 0.0176608 0.145153 
../imgs/train_crops/negative/TrainNegative1423113.jpgface3.bmp 0.0608075 0.000410645 0.24725 0.125492 0.353929 0.0976214 0.114489 
../imgs/train_crops/negative/Trainnegative_sliced_images89796f4758efcb33870f6a70670074c4.jpgbface3.bmp 0.0386204 0.000938007 0.0209892 0.871506 0.0127056 0.00107132 0.0541691 
../imgs/train_crops/negative/TrainNegativefuneral-main.jpgface9.bmp 0.0657571 0.149055 0.228928 0.0454691 0.414031 0.00392571 0.0928334 
../imgs/train_crops/negative/TrainNegativearticle-2711666-20285B9400000578-396_634x422.jpgface14.bmp 0.0284149 9.74165e-06 0.129391 0.00789002 0.553945 0.00399613 0.276353 
../imgs/train_crops/negative/TrainNegative4372691788_0b4de1c7e3_z.jpgface1.bmp 0.00248663 1.27583e-05 0.00194542 0.991861 0.00119412 0.0023209 0.000179451 
../imgs/train_crops/negative/TrainNegative1468350168-NM_12PresidentObama11SP.jpgface0.bmp 0.0137052 2.06141e-05 0.183386 0.000586853 0.790404 0.00285311 0.00904404 
../imgs/train_crops/negative/Trainnegative_sliced_images120915104303-islam-protest-sat-02-horizontal-large-gallery.jpgface19.bmp 0.12471 0.158827 0.0156373 0.257565 0.198171 0.0722696 0.17282 
../imgs/train_crops/negative/TrainNegative655168-121219-delhi-protests.jpgface11.bmp 0.0933777 0.000482715 0.0971595 0.269238 0.359204 0.0304402 0.150098 
../imgs/train_crops/negative/TrainNegative140518132419-vietnam-anti-china-story-top.jpgface7.bmp 0.350392 0.000148582 0.0155211 0.464799 0.158578 0.00161185 0.00894989 
../imgs/train_crops/negative/TrainNegativearticle-0-13F633B8000005DC-524_634x497.jpgface0.bmp 0.0309596 0.00015467 0.426638 0.000129968 0.484241 0.00376284 0.0541146 
../imgs/train_crops/negative/Trainnegative_sliced_images1410930806_bangalore-rape-case.jpgface5.bmp 0.190897 0.00232811 0.167367 0.14041 0.42751 0.0367801 0.034709 
../imgs/train_crops/negative/TrainNegative218659-india-rape-protest.jpgface20.bmp 0.325944 0.000133082 0.10238 0.139189 0.0395493 0.0209475 0.371857 
../imgs/train_crops/negative/Trainnegative_sliced_imagesalg-rape-protest-jpg.jpgface0.bmp 0.721447 0.000309212 0.156907 0.00313063 0.0299095 0.0426482 0.0456482 
../imgs/train_crops/negative/Trainnegative_sliced_images2012101895945788734_20.jpgbface30.bmp 0.235698 0.0436764 0.0565507 0.431157 0.086075 0.112734 0.0341095 
../imgs/train_crops/negative/TrainNegativeEthiopian-muslim-protest.jpgface22.bmp 0.250192 0.0180427 0.045989 0.311385 0.134089 0.0612421 0.17906 
../imgs/train_crops/negative/Trainnegative_sliced_images4-27-16-india-rape-protest.jpgface16.bmp 0.345284 0.00115537 0.282994 0.210074 0.05704 0.0300316 0.0734218 
../imgs/train_crops/negative/Trainnegative_sliced_images005044de-14f9-11e6-95eb-aaf30b46b489_1280x720.jpgface16.bmp 0.256915 0.00890689 0.0702926 0.339874 0.18707 0.0333127 0.103629 
../imgs/train_crops/negative/TrainNegative766354-muslim-protest-in-sydney.jpgface21.bmp 0.219685 0.00075249 0.0801096 0.122393 0.0605937 0.0176304 0.498836 
../imgs/train_crops/negative/Trainnegative_sliced_imagesf140723ma15.jpgbface29.bmp 0.643972 0.0296099 0.0239492 0.0688263 0.151958 0.0657127 0.0159728 
../imgs/train_crops/negative/Trainnegative_sliced_images8464929559_66dd8cb077_o.jpgface11.bmp 0.148539 0.014329 0.18603 0.0325236 0.492666 0.000429996 0.125482 
../imgs/train_crops/negative/TrainNegativearticle-1220830-06D8F8D3000005DC-601_468x309.jpgface8.bmp 0.361197 0.0115687 0.0606174 0.0521077 0.419809 0.0722763 0.0224242 
../imgs/train_crops/negative/TrainNegative425459-afp-jnu-protests-4.jpgface30.bmp 0.107261 0.0037351 0.0383991 0.14966 0.0674286 0.0459238 0.587592 
../imgs/train_crops/negative/Trainnegative_sliced_images500207394.jpgface1.bmp 0.251744 2.76136e-05 0.0714332 0.0339464 0.246716 0.00474388 0.391389 
../imgs/train_crops/negative/TrainNegative425459-afp-jnu-protests-4.jpgface0.bmp 0.0237621 0.000288163 0.0897506 0.00257423 0.37904 0.000354222 0.50423 
../imgs/train_crops/negative/Trainnegative_sliced_images1212iraqturkey.jpgbface5.bmp 0.070811 1.30024e-05 0.22926 0.0372158 0.646018 0.000845138 0.015837 
../imgs/train_crops/negative/TrainNegative425459-afp-jnu-protests-4.jpgface9.bmp 0.159096 0.00815146 0.10437 0.37191 0.303236 0.0236506 0.0295853 
../imgs/train_crops/negative/Trainnegative_sliced_images36164115_303.jpgbface6.bmp 0.157252 0.243683 0.0268612 0.263152 0.262955 0.0211922 0.0249051 
../imgs/train_crops/negative/Trainnegative_sliced_images26259202380_0414451fae_b.jpgface1.bmp 0.0420587 6.49686e-06 0.0406185 0.000711244 0.845322 0.000822053 0.0704605 
../imgs/train_crops/negative/TrainNegative58217060100489640360no.jpgface140.bmp 0.164909 0.000243447 0.0709561 0.107227 0.523557 0.00388085 0.129226 
../imgs/train_crops/negative/Trainnegative_sliced_images071616-muslims-in-us-protest-coup-attempt-in-turkey-1.jpgface3.bmp 0.367824 0.000673112 0.132849 0.00987577 0.370737 0.0329331 0.0851079 
../imgs/train_crops/negative/TrainNegativeBenghazi_1830085c.jpgface6.bmp 0.150962 0.00028157 0.152459 0.0841037 0.551733 0.000287053 0.060174 
../imgs/train_crops/negative/Trainnegative_sliced_images14979594388_0891c19a4c_b.jpgface19.bmp 0.159821 0.566681 0.0256663 0.0903981 0.123717 0.00894854 0.0247679 
../imgs/train_crops/negative/TrainNegativecopenhagen_climate_shame_43.jpgface11.bmp 0.274877 0.0330508 0.0223915 0.509682 0.0383149 0.0185535 0.103131 
../imgs/train_crops/negative/TrainNegativearticle-1375920-0B954A1400000578-156_634x418.jpgface22.bmp 0.0937429 1.01591e-05 0.230605 0.0351236 0.172299 0.033777 0.434442 
../imgs/train_crops/negative/Trainnegative_sliced_imagesgettyimages-546336898.jpgface6.bmp 0.177475 0.00755057 0.183847 0.0872577 0.407369 0.104687 0.0318139 
../imgs/train_crops/negative/Trainnegative_sliced_images8ff1e1cdfcd21f1b9de14460a9917f42cace5f93.jpgface52.bmp 0.541147 0.0232545 0.0916831 0.0658568 0.169204 0.0221831 0.0866711 
../imgs/train_crops/negative/TrainNegative58217060100489640360no.jpgface52.bmp 0.583649 0.0558996 0.0644882 0.111723 0.163178 0.00983871 0.0112229 
../imgs/train_crops/negative/TrainNegative28403B0800000578-3065556-image-a-119_1430610174832.jpgface3.bmp 0.140679 0.000929204 0.0429614 0.0332914 0.176789 0.0310183 0.574332 
../imgs/train_crops/negative/Trainnegative_sliced_images2012101895945788734_20.jpgbface4.bmp 0.238195 0.00798656 0.0322283 0.285145 0.301011 0.0704941 0.0649396 
../imgs/train_crops/negative/TrainNegative25918544885_ee28bd9392_z.jpgface6.bmp 0.137506 0.00278447 0.0580614 0.395153 0.305987 0.00352448 0.0969837 
../imgs/train_crops/negative/Trainnegative_sliced_images150216-bull_gore_2-0534_bbad97ef7f277c29daac4238f0fffe11.jpgbface26.bmp 0.224403 3.36032e-05 0.137471 0.0760261 0.024653 0.0124277 0.524985 
../imgs/train_crops/negative/Trainnegative_sliced_images635643059207076558-Hernandez-protest-03.jpgbface1.bmp 0.0693832 0.00267237 0.0414706 0.022449 0.0183742 0.843514 0.00213593 
../imgs/train_crops/negative/TrainNegative102754_165030.jpgface7.bmp 0.122666 0.000656473 0.0559703 0.0172226 0.796502 0.00273016 0.00425294 
../imgs/train_crops/negative/Trainnegative_sliced_imagesGettyImages-515409650.jpgbface7.bmp 0.153196 0.000585906 0.171265 0.236089 0.0239819 0.0930021 0.32188 
../imgs/train_crops/negative/Trainnegative_sliced_images57854242c3618856798b4583.jpgface29.bmp 0.176779 0.00680631 0.0518982 0.00186693 0.726691 0.00132406 0.0346345 
../imgs/train_crops/negative/Trainnegative_sliced_images110288892.jpgface3.bmp 0.415764 0.00110622 0.192491 0.000678049 0.0979481 0.0273726 0.264641 
../imgs/train_crops/negative/Trainnegative_sliced_images8771679372_725710fd0c_b.jpgface1.bmp 0.214844 0.00107652 0.0425384 0.0450753 0.525823 0.00555777 0.165085 
../imgs/train_crops/negative/Trainnegative_sliced_images9690386144_4fdcb51750_b.jpgface4.bmp 0.23037 0.00657828 0.0140124 0.47387 0.0762133 0.0367024 0.162254 
../imgs/train_crops/negative/Trainnegative_sliced_images7964260030_52e9371b94_b.jpgface11.bmp 0.0351494 0.000157429 0.0489611 0.0126568 0.885104 0.000509486 0.0174615 
../imgs/train_crops/negative/TrainNegative1233039_Wallpaper2.jpgface9.bmp 0.401704 0.0417888 0.0219825 0.0307309 0.481366 0.0159404 0.00648824 
../imgs/train_crops/negative/TrainNegative2145910261_fb3ef9f312_z.jpgface1.bmp 0.112678 0.0016042 0.000715086 0.0950609 0.150492 4.10655e-05 0.639409 
../imgs/train_crops/negative/Trainnegative_sliced_imagesEH4A9301-900x600.jpgface41.bmp 0.236411 0.0239295 0.089892 0.341209 0.214894 0.0330531 0.0606113 
../imgs/train_crops/negative/Trainnegative_sliced_images5014884852_4c676bf896_b.jpgface0.bmp 0.772839 0.0012044 0.0528175 0.00649281 0.150999 0.00144343 0.0142044 
../imgs/train_crops/negative/TrainNegative000045d4-642.jpgface0.bmp 0.196372 7.60058e-06 0.26008 5.8358e-05 0.494903 0.0158757 0.0327035 
../imgs/train_crops/negative/Trainnegative_sliced_images56b65707ab2c9.jpgbface13.bmp 0.343541 0.00027029 0.265349 0.0115543 0.309954 0.00341601 0.065915 
../imgs/train_crops/negative/Trainnegative_sliced_imagesbull-riding-in-spain-3.jpgface6.bmp 0.239172 0.00316994 0.204293 0.0463916 0.369295 0.0469053 0.0907723 
../imgs/train_crops/negative/TrainNegativeAnti-China-Demonstration-Manila_CNNPH.jpgface15.bmp 0.126224 0.00027657 0.0530152 0.134513 0.619536 0.002455 0.0639798 
../imgs/train_crops/negative/TrainNegativebo-copt-wide-20130824202136879087-620x349.jpgface22.bmp 0.0912818 0.0142473 0.122626 0.211467 0.410455 0.132905 0.0170185 
../imgs/train_crops/negative/TrainNegativearticle-2207884-152982EC000005DC-558_634x417.jpgface13.bmp 0.23478 0.00124311 0.020918 0.0889181 0.602134 0.0179784 0.0340279 
../imgs/train_crops/negative/Trainnegative_sliced_imagesAP_Trump_Protests_BM_20160429_4x3_992.jpgbface3.bmp 0.227797 0.000660569 0.0254984 0.0112333 0.309024 0.00746297 0.418325 
../imgs/train_crops/negative/TrainNegative15481677161_a0e922729e_z.jpgface0.bmp 0.0786673 0.000164746 0.0467674 0.00350185 0.682784 0.00504203 0.183073 
../imgs/train_crops/negative/TrainNegativeCZmJJ35VIAALOQK.jpgface8.bmp 0.399025 0.000596813 0.101167 0.0456119 0.0946556 0.0961381 0.262806 
../imgs/train_crops/negative/Trainnegative_sliced_imagesayriakurdrefs003.jpgbface16.bmp 0.208806 0.000470336 0.319038 0.0340114 0.360703 0.00550539 0.0714656 
../imgs/train_crops/negative/Trainnegative_sliced_images150317115514-india-nun-rape-protest-3-super-169.jpgface8.bmp 0.195822 0.0217552 0.197796 0.01734 0.283042 0.00261954 0.281624 
../imgs/train_crops/negative/Trainnegative_sliced_images604707_India-Gang-Rape_Rand.jpgface7.bmp 0.210627 0.00802148 0.543168 0.0928506 0.0985882 0.0154157 0.0313286 
../imgs/train_crops/negative/TrainNegative981545-8fb53bb4-4077-11e4-b1b2-871c50b86f82.jpgface4.bmp 0.204563 0.0197285 0.472159 0.0319776 0.15178 0.0222439 0.0975479 
../imgs/train_crops/negative/Trainnegative_sliced_images16908490789_d2d4b1159a_b.jpgface0.bmp 0.445441 0.0001651 0.0717471 4.82556e-05 0.353904 0.00961393 0.119081 
../imgs/train_crops/negative/Trainnegative_sliced_imagesBritain-Attack_sham.jpgface1.bmp 0.39671 0.0239425 0.0831764 0.00220681 0.476399 0.00358104 0.0139846 
../imgs/train_crops/negative/Trainnegative_sliced_images14979594388_0891c19a4c_b.jpgface39.bmp 0.613178 0.00317523 0.0508281 0.0562407 0.240517 0.0263846 0.00967605 
../imgs/train_crops/negative/TrainNegative24rajoana3.jpgface27.bmp 0.288629 0.000293442 0.0529432 0.0384498 0.564405 0.0190844 0.0361949 
../imgs/train_crops/negative/Trainnegative_sliced_images13239976665_a9aaba4bb2_b.jpgface4.bmp 0.0817203 0.00127397 0.0365947 0.190342 0.476476 0.00456607 0.209027 
../imgs/train_crops/negative/Trainnegative_sliced_images4367100547_90459a23f3_b.jpgface13.bmp 0.703007 0.00164735 0.0251399 0.0849842 0.0603459 0.0793436 0.0455325 
../imgs/train_crops/negative/Trainnegative_sliced_images23598121940_8b56a9328f_b.jpgface1.bmp 0.109475 1.1001e-05 0.0368346 0.000124269 0.139202 0.00139305 0.71296 
