../imgs/train_crops/neutral/Trainneutral_sliced_images11444884505_44ac697a7a_b.jpgface9.bmp 0.170526 0.00066681 0.106977 0.540227 0.0330213 0.0123027 0.136279 
../imgs/train_crops/neutral/Trainneutral_sliced_images22_IMG_0072_q002_015..jpgface37.bmp 0.662557 0.00365696 0.0873894 0.011258 0.140858 0.0137675 0.0805128 
../imgs/train_crops/neutral/Trainneutral_sliced_images4931722021_36b5305f2f_b.jpgface3.bmp 0.104744 0.000534236 0.0852226 0.0972181 0.629813 0.0193582 0.06311 
../imgs/train_crops/neutral/Trainneutral_sliced_images4983813285_5828b020ac_b.jpgface7.bmp 0.0173995 0.029644 0.0123526 0.900507 0.0137212 0.000346281 0.0260297 
../imgs/train_crops/neutral/Trainneutral_sliced_images20120287-ISTANBUL-TURKEY-JUNE-1-Gezi-Park-Public-Protest-against-the-government-Stock-Photo.jpgbface8.bmp 0.127754 0.00201576 0.190679 0.255306 0.235834 0.0264598 0.161952 
../imgs/train_crops/neutral/Trainneutral_sliced_images10532762465_16e223b68a_b.jpgface2.bmp 0.108737 0.000690471 0.224562 0.000692207 0.497836 0.00213865 0.165344 
../imgs/train_crops/neutral/Trainneutral_sliced_images0,,19382055_401,00.jpgbface2.bmp 0.0480182 0.000408123 0.0176811 0.000218415 0.129672 0.00242546 0.801577 
../imgs/train_crops/neutral/Trainneutral_sliced_images3807948283_56217f3039_b.jpgface47.bmp 0.116951 0.0200952 0.0269933 0.374456 0.12793 0.0432714 0.290304 
../imgs/train_crops/neutral/Trainneutral_sliced_images14776645494_ced8931126_b.jpgface1.bmp 0.227619 0.000390588 0.10934 0.0127937 0.420696 0.00803791 0.221123 
../imgs/train_crops/neutral/Trainneutral_sliced_images10666620054_55bf4f9ac3_b.jpgface6.bmp 0.3499 8.95621e-05 0.063676 0.0122929 0.508515 0.000817109 0.0647101 
../imgs/train_crops/neutral/Trainneutral_sliced_images95c3dc12-9ee9-4880-ae35-461f1ea31284.jpgbface9.bmp 0.427428 5.46934e-05 0.0687833 0.125789 0.0341153 0.0195156 0.324314 
../imgs/train_crops/neutral/Trainneutral_sliced_images5014279749_8ec39e9cd3_b.jpgface4.bmp 0.250136 0.00115391 0.023717 0.446453 0.0929356 0.00667045 0.178934 
../imgs/train_crops/neutral/Trainneutral_sliced_images8495219567_679f057b13_b.jpgface0.bmp 0.00317157 1.34981e-06 0.0593862 0.000658268 0.0838398 0.218228 0.634715 
../imgs/train_crops/neutral/Trainneutral_sliced_images5680396018_2a0fc2e4dc_b.jpgface0.bmp 0.395943 8.13373e-06 0.0858033 0.000831367 0.0942142 0.0544446 0.368755 
../imgs/train_crops/neutral/Trainneutral_sliced_images20140108_140609.jpgface1.bmp 0.0239197 0.000159949 0.0223907 0.0443047 0.204983 0.000977324 0.703265 
../imgs/train_crops/neutral/Trainneutral_sliced_images3284098131_41a40ea55f_b.jpgface6.bmp 0.246192 0.400609 0.0931745 0.0563064 0.120153 0.0027737 0.0807911 
../imgs/train_crops/neutral/Trainneutral_sliced_images9600358395_0d342bc349_b.jpgface0.bmp 0.0443691 0.00186726 0.0107214 0.00768769 0.0147204 0.000793019 0.919841 
../imgs/train_crops/neutral/Trainneutral_sliced_images11444988613_569b9b12d5_b.jpgface9.bmp 0.0965265 0.000724407 0.0849665 0.566765 0.0575024 0.023225 0.17029 
../imgs/train_crops/neutral/TrainNeutral138dd6e1f4019887234243e95ba06b0ff9dd7d9b.jpgface4.bmp 0.400285 0.00509616 0.0737285 0.0150429 0.413629 0.00535035 0.0868687 
../imgs/train_crops/neutral/TrainNeutral95494892.jpgface9.bmp 0.438364 0.0242141 0.0514329 0.0974012 0.141797 0.222291 0.0245 
../imgs/train_crops/neutral/TrainNeutral165545-120917-khilafah-conference.jpgface40.bmp 0.675453 0.00153521 0.0483806 0.131536 0.0945321 0.0162998 0.0322634 
../imgs/train_crops/neutral/Trainneutral_sliced_images10666383006_40ec1c30e3_b.jpgface3.bmp 0.0662577 0.000151359 0.101321 0.0040206 0.206843 0.0687561 0.552651 
../imgs/train_crops/neutral/TrainNeutral1424290873_54dcb096fb_z.jpgface0.bmp 0.0259254 2.47168e-05 0.0229405 0.505874 0.0501951 0.00676555 0.388274 
../imgs/train_crops/neutral/Trainneutral_sliced_images13259293804_ca02ee47d0_b.jpgface1.bmp 0.01097 1.23641e-06 0.00907847 0.0338484 0.630359 0.000792105 0.31495 
../imgs/train_crops/neutral/Trainneutral_sliced_images5014887962_d2546493f6_b.jpgface2.bmp 0.131157 0.000365412 0.103949 0.00604111 0.680858 0.00170649 0.0759221 
../imgs/train_crops/neutral/Trainneutral_sliced_images15061269870_f516d65ea7_b.jpgface11.bmp 0.11118 0.127909 0.0496984 0.0813368 0.596546 0.00200153 0.0313282 
../imgs/train_crops/neutral/Trainneutral_sliced_images12793286444_ed12b2d34e_b.jpgface0.bmp 0.00119836 2.81516e-05 0.000504876 0.989091 0.00177064 0.000289203 0.00711767 
../imgs/train_crops/neutral/TrainNeutral00e4a47226187560f4785be6456eacbb.jpgface23.bmp 0.260619 2.5264e-05 0.13895 0.179065 0.0377836 0.0110548 0.372503 
../imgs/train_crops/neutral/Trainneutral_sliced_images9009578484_8c119c12c3_b.jpgface25.bmp 0.224369 4.54634e-05 0.0137717 0.0877872 0.035146 0.0217292 0.617151 
../imgs/train_crops/neutral/TrainNeutral64-voter-turnout-first-phase-up-elections-ec-25381560.jpgface41.bmp 0.245177 0.00152048 0.133809 0.0323301 0.429831 0.00073028 0.156602 
../imgs/train_crops/neutral/TrainNeutral2350440340_ff9c0655f6_z.jpgface4.bmp 0.0552045 0.000186588 0.017198 0.0549911 0.702186 0.00877307 0.16146 
../imgs/train_crops/neutral/TrainNeutral00e4a47226187560f4785be6456eacbb.jpgface4.bmp 0.209201 9.17311e-05 0.145513 0.387595 0.0129751 0.0405218 0.204103 
../imgs/train_crops/neutral/Trainneutral_sliced_images4637014527_56b23eff84_b.jpgface22.bmp 0.356417 0.00899095 0.181174 0.146056 0.272658 0.00921015 0.0254942 
../imgs/train_crops/neutral/Trainneutral_sliced_images7836824696_d872ddff3e_b.jpgface2.bmp 0.0929556 0.000113761 0.0653928 0.00920216 0.696073 0.0394537 0.0968087 
../imgs/train_crops/neutral/Trainneutral_sliced_images15450091840_01fbec22bd_b.jpgface10.bmp 0.165702 0.0151539 0.0516564 0.552125 0.126396 0.0374836 0.0514823 
../imgs/train_crops/neutral/Trainneutral_sliced_images14407788131_bb2c363343_b.jpgface7.bmp 0.105625 0.00829935 0.00815282 0.326287 0.212308 0.0017408 0.337588 
../imgs/train_crops/neutral/TrainNeutral00e4a47226187560f4785be6456eacbb.jpgface24.bmp 0.176372 0.00220838 0.28005 0.0875493 0.0646601 0.10024 0.28892 
../imgs/train_crops/neutral/Trainneutral_sliced_images14287260959_cb8811702e_b.jpgface23.bmp 0.247369 0.199524 0.411988 0.0084482 0.0629094 0.0635562 0.00620475 
../imgs/train_crops/neutral/Trainneutral_sliced_images3807947701_df15806a86_b.jpgface75.bmp 0.298956 0.0251497 0.0243756 0.0998839 0.0265415 0.0657376 0.459356 
../imgs/train_crops/neutral/Trainneutral_sliced_images14934487654_1cce06e134_b.jpgface0.bmp 0.375039 0.104948 0.310351 8.44935e-06 0.208405 5.91632e-05 0.00118914 
../imgs/train_crops/neutral/Trainneutral_sliced_images10666333915_db30c6629f_b.jpgface7.bmp 0.105714 0.00208066 0.0409036 0.264489 0.38324 0.00432604 0.199246 
../imgs/train_crops/neutral/Trainneutral_sliced_images00100301_H47119141.jpgface9.bmp 0.1746 0.000689165 0.132654 0.00801967 0.435769 0.00183783 0.24643 
../imgs/train_crops/neutral/TrainNeutral2D1471BC00000578-0-The_Arsenal_players_celebrate_their_resounding_victory_against_U-m-33_1444045467006.jpgface0.bmp 0.0665525 5.03211e-05 0.604821 0.000904299 0.154326 0.0345057 0.138841 
../imgs/train_crops/neutral/Trainneutral_sliced_images18693-libyan-leader-gaddafi-waves-next-to-italian.jpgbface5.bmp 0.113693 1.18721e-05 0.415055 0.0097504 0.455184 0.00169891 0.00460766 
../imgs/train_crops/neutral/Trainneutral_sliced_images13635724083_b77aa7d264_b.jpgface0.bmp 0.0565458 0.00768098 0.368666 0.000822807 0.138168 0.0705891 0.357528 
../imgs/train_crops/neutral/Trainneutral_sliced_images133174847_5517da015e_b.jpgface32.bmp 0.0960063 0.00361601 0.0366261 0.629061 0.0308465 0.112084 0.0917601 
../imgs/train_crops/neutral/Trainneutral_sliced_images15014824054_f62510aa25_b.jpgface7.bmp 0.488257 0.0196741 0.0503482 0.15118 0.232745 0.0286118 0.0291827 
../imgs/train_crops/neutral/Trainneutral_sliced_images10852189333_79a2a39d6f_b.jpgface0.bmp 0.301833 0.000266141 0.0148528 0.358023 0.112437 0.00526799 0.20732 
../imgs/train_crops/neutral/TrainNeutral73464887.jpgface8.bmp 0.0566711 0.0103851 0.208638 0.0164411 0.491997 0.0224618 0.193405 
../imgs/train_crops/neutral/Trainneutral_sliced_images00100301_H47119141.jpgface12.bmp 0.504278 0.000415693 0.0580647 0.0438345 0.261655 0.00467655 0.127075 
../imgs/train_crops/neutral/Trainneutral_sliced_images14055732704_5fc85f2d52_b.jpgface1.bmp 0.0190366 2.62635e-05 0.0389207 0.0783674 0.715364 0.00199093 0.146294 
../imgs/train_crops/neutral/Trainneutral_sliced_images9009578484_8c119c12c3_b.jpgface3.bmp 0.280676 0.004266 0.0144121 0.261925 0.205066 0.00579815 0.227857 
../imgs/train_crops/neutral/Trainneutral_sliced_images3284097543_17a72f9b89_b.jpgface7.bmp 0.157111 0.000175468 0.0537931 0.516056 0.0689863 0.00278199 0.201096 
../imgs/train_crops/neutral/Trainneutral_sliced_images15014824054_f62510aa25_b.jpgface3.bmp 0.0987727 0.00189423 0.0990655 0.125876 0.321236 0.00682201 0.346334 
../imgs/train_crops/neutral/Trainneutral_sliced_images920x920-001.jpgbface6.bmp 0.228098 0.00563569 0.252706 0.0326145 0.377879 0.0349714 0.0680942 
../imgs/train_crops/neutral/Trainneutral_sliced_images10621188134_96e21dbaab_b.jpgface3.bmp 0.126896 0.0178852 0.190465 0.038827 0.549441 0.0122236 0.0642633 
../imgs/train_crops/neutral/Trainneutral_sliced_images57302893.cms.jpgbface23.bmp 0.439124 0.00658592 0.063196 0.15911 0.13155 0.0437336 0.156701 
../imgs/train_crops/neutral/Trainneutral_sliced_images15008833448_58b40e1dd9_b.jpgface20.bmp 0.0200886 0.000947743 0.296954 0.368051 0.106426 0.0450067 0.162525 
../imgs/train_crops/neutral/Trainneutral_sliced_images7278470572_d5d087dd95_b.jpgface0.bmp 0.755576 0.00558013 0.0438928 0.00905985 0.139064 0.0017674 0.0450599 
../imgs/train_crops/neutral/Trainneutral_sliced_images3346153959_6c063cbd6b_b.jpgface2.bmp 0.0357255 0.000431554 0.0893297 0.406677 0.270937 0.00674222 0.190157 
../imgs/train_crops/neutral/Trainneutral_sliced_images00100301_H47119141.jpgface14.bmp 0.0522146 0.000206701 0.0196744 0.444144 0.262334 0.00406356 0.217362 
../imgs/train_crops/neutral/Trainneutral_sliced_images13635488405_cd472ebc63_b.jpgface3.bmp 0.236116 0.00165512 0.103403 0.12766 0.316539 0.0262215 0.188406 
../imgs/train_crops/neutral/Trainneutral_sliced_images11862391566_77d61ea45f_b.jpgface5.bmp 0.200297 0.00614293 0.33644 0.0279222 0.278441 0.00637019 0.144387 
../imgs/train_crops/neutral/Trainneutral_sliced_images7003293989_5c7c315e88_b.jpgface3.bmp 0.0562729 0.000464034 0.0253561 0.0261281 0.111957 0.00325191 0.77657 
../imgs/train_crops/neutral/Trainneutral_sliced_images14934487654_1cce06e134_b.jpgface1.bmp 0.721138 0.00257558 0.0902772 0.113832 0.0447044 0.00586514 0.0216071 
../imgs/train_crops/neutral/Trainneutral_sliced_images2016-03-16-Stated-Metting-Memorial-Service-022.jpgface13.bmp 0.0953233 0.00162647 0.019642 0.769783 0.0370761 0.0299341 0.0466152 
../imgs/train_crops/neutral/Trainneutral_sliced_images4928286223_101188e742_b.jpgface1.bmp 0.04195 0.00149448 0.147425 0.413337 0.1124 0.0199444 0.263449 
../imgs/train_crops/neutral/Trainneutral_sliced_images13634886625_516d3fec30_b.jpgface14.bmp 0.112671 0.00347419 0.122721 0.49734 0.155724 0.00654501 0.101525 
../imgs/train_crops/neutral/TrainNeutral460x.jpgface3.bmp 0.430838 0.00203394 0.181112 0.15315 0.0902467 0.00581695 0.136803 
../imgs/train_crops/neutral/Trainneutral_sliced_images10666620054_55bf4f9ac3_b.jpgface0.bmp 0.604191 0.00233772 0.095309 0.0134599 0.135658 0.00718416 0.141861 
../imgs/train_crops/neutral/Trainneutral_sliced_images14287260959_cb8811702e_b.jpgface83.bmp 0.192535 0.0452809 0.252061 0.220352 0.227534 0.0156513 0.0465857 
../imgs/train_crops/neutral/Trainneutral_sliced_images4918328628_1924d2f021_b.jpgface92.bmp 0.435242 0.0412498 0.104032 0.174682 0.0296245 0.00954404 0.205626 
../imgs/train_crops/neutral/Trainneutral_sliced_images1549202_10152296887289491_455171279_n.jpgbface1.bmp 0.395779 0.00942419 0.174379 0.00101075 0.379747 0.00591483 0.0337457 
../imgs/train_crops/neutral/Trainneutral_sliced_images13984332852_01383c2e7f_b.jpgface6.bmp 0.342664 0.00311019 0.229517 0.0180119 0.19102 0.0037098 0.211968 
../imgs/train_crops/neutral/Trainneutral_sliced_images535d45c39c1e4190a21e3d789de9ebdf_18.jpgbface4.bmp 0.167171 4.32981e-05 0.00464337 0.00757011 0.0662858 0.000447596 0.753839 
../imgs/train_crops/neutral/Trainneutral_sliced_images13561966765_bdfe0516f7_b.jpgface0.bmp 0.113098 7.26686e-05 0.162111 0.00733566 0.308604 0.0912097 0.317569 
../imgs/train_crops/neutral/Trainneutral_sliced_images504088160-001.jpgface6.bmp 0.507145 1.67872e-05 0.0740629 0.0385338 0.364901 0.00469872 0.010642 
../imgs/train_crops/neutral/Trainneutral_sliced_images8085390f925b47e9a556e774074349ff.jpgface1.bmp 0.0149258 0.0032069 0.0216207 0.699802 0.0484321 0.00353527 0.208477 
../imgs/train_crops/neutral/Trainneutral_sliced_images15459524445_dff4167f5b_b.jpgface0.bmp 0.0933608 0.000253948 0.0841469 0.107521 0.485164 0.00129979 0.228254 
../imgs/train_crops/neutral/Trainneutral_sliced_images15395235350_8a1f271cb5_b.jpgface4.bmp 0.0421388 0.0122747 0.122632 0.531423 0.101527 0.00786419 0.18214 
../imgs/train_crops/neutral/Trainneutral_sliced_images10975569285_066d5ae579_b.jpgface4.bmp 0.232363 0.0034267 0.083705 0.223265 0.327027 0.0528012 0.0774127 
../imgs/train_crops/neutral/Trainneutral_sliced_images5014279749_8ec39e9cd3_b.jpgface1.bmp 0.0417804 0.000680161 0.102647 0.122046 0.294414 0.00315552 0.435277 
../imgs/train_crops/neutral/Trainneutral_sliced_images5895067234_3316868dbe_b.jpgface7.bmp 0.0414661 0.00040471 0.0332237 0.581671 0.225687 0.00544245 0.112105 
../imgs/train_crops/neutral/TrainNeutral2pre.jpgface6.bmp 0.187807 0.0407612 0.202657 0.249214 0.287728 0.00502702 0.0268045 
../imgs/train_crops/neutral/TrainNeutral744873-120924-anti-muslim-protest.jpgface8.bmp 0.385654 0.00127996 0.0549628 0.0108504 0.491649 0.0015584 0.0540454 
../imgs/train_crops/neutral/Trainneutral_sliced_images14431145757_f43edcc9dd_b.jpgface4.bmp 0.403082 0.0497505 0.0565915 0.33073 0.129554 0.0145109 0.0157814 
../imgs/train_crops/neutral/Trainneutral_sliced_images4789841414_c1fe3fd54d_b.jpgface12.bmp 0.0195999 3.24553e-05 0.044205 0.88806 0.0267623 0.000828291 0.0205123 
../imgs/train_crops/neutral/Trainneutral_sliced_images920x920-005.jpgbface1.bmp 0.0311155 1.19999e-05 0.527351 0.0254414 0.311687 0.014774 0.0896187 
../imgs/train_crops/neutral/Trainneutral_sliced_images22_IMG_0072_q002_015..jpgface39.bmp 0.272609 8.45359e-05 0.179389 0.138408 0.0164911 0.0198514 0.373167 
../imgs/train_crops/neutral/Trainneutral_sliced_images4122.jpgface5.bmp 0.277726 0.0426645 0.302897 0.0341898 0.238811 0.040939 0.0627715 
../imgs/train_crops/neutral/Trainneutral_sliced_images14979528090_de12127494_b.jpgface0.bmp 0.0173657 7.72492e-07 0.0212844 0.323502 0.0440866 0.0227255 0.571035 
../imgs/train_crops/neutral/TrainNeutral8903976628_1a3cb11c87_z.jpgface4.bmp 0.198185 0.00101056 0.261212 0.119726 0.0960307 0.0140784 0.309758 
../imgs/train_crops/neutral/Trainneutral_sliced_images5680120033_59dc61e258_b.jpgface0.bmp 0.272609 0.00162804 0.0802971 0.0482577 0.192884 0.0116245 0.392701 
../imgs/train_crops/neutral/Trainneutral_sliced_images14667374037_094e13b777_b.jpgface6.bmp 0.488766 0.00305054 0.133801 0.0920991 0.109429 0.0838584 0.0889968 
../imgs/train_crops/neutral/Trainneutral_sliced_images15274338322_e79d8a2bfb_b.jpgface2.bmp 0.0303342 0.00045626 0.0256905 0.810189 0.0626667 0.00224401 0.0684195 
../imgs/train_crops/neutral/Trainneutral_sliced_images15386911284_4d28520e5f_b.jpgface4.bmp 0.256653 0.00162895 0.0671797 0.277062 0.0499783 0.028847 0.318651 
../imgs/train_crops/neutral/Trainneutral_sliced_images15459524445_dff4167f5b_b.jpgface47.bmp 0.144416 0.000307249 0.263531 0.182235 0.175128 0.00594086 0.228442 
../imgs/train_crops/neutral/TrainNeutral_88860713_88860712.jpgface7.bmp 0.168307 0.00481713 0.0126393 0.749131 0.0437064 0.00719811 0.0142014 
../imgs/train_crops/neutral/Trainneutral_sliced_images843073722_70d19d99d7_b.jpgface27.bmp 0.111803 5.14094e-05 0.155438 0.05364 0.0278262 0.0444631 0.606778 
../imgs/train_crops/neutral/Trainneutral_sliced_images11444624326_ee631b266e_b.jpgface1.bmp 0.0532102 0.000116442 0.192827 0.00365622 0.599543 0.00423247 0.146415 
../imgs/train_crops/neutral/Trainneutral_sliced_images4928286223_101188e742_b.jpgface41.bmp 0.0645713 7.94683e-05 0.0156548 0.830999 0.0645439 0.0125472 0.0116041 
../imgs/train_crops/neutral/Trainneutral_sliced_images14380080934_58605e6b98_b.jpgface0.bmp 0.0916949 2.32102e-05 0.0382963 0.0224636 0.179887 0.00766574 0.659969 
../imgs/train_crops/neutral/Trainneutral_sliced_images14617034792_f8c603a6fe_b.jpgface2.bmp 0.0628217 0.000145987 0.0564031 0.0262559 0.538398 0.000382658 0.315593 
../imgs/train_crops/neutral/TrainNeutral10693007_bay-to-breakers_ta8fe5a64.jpgface10.bmp 0.279545 0.00634006 0.0360746 0.330402 0.30987 0.00328771 0.0344812 
../imgs/train_crops/neutral/Trainneutral_sliced_images0,,16941392_303,00.jpgbface15.bmp 0.184502 0.0179065 0.108401 0.134274 0.535413 0.00448501 0.0150185 
../imgs/train_crops/neutral/Trainneutral_sliced_images14396312711_152dc65630_b.jpgface18.bmp 0.228519 0.000573272 0.134433 0.306705 0.0442609 0.0159993 0.26951 
../imgs/train_crops/neutral/Trainneutral_sliced_images4527080268_8a70a51691_b.jpgface1.bmp 0.202235 3.18508e-05 0.0680439 0.00605072 0.37024 0.00108306 0.352316 
../imgs/train_crops/neutral/TrainNeutral5014882650_fd6ebc08ee_z.jpgface0.bmp 0.41553 1.7835e-05 0.0785378 0.00156281 0.0970896 0.245528 0.161734 
../imgs/train_crops/neutral/Trainneutral_sliced_images82efe3f8-59ad-4bcc-91d2-3d3c349c44db-Syrian-refugees.jpgface53.bmp 0.285703 0.216851 0.169369 0.105475 0.155305 0.0206239 0.0466731 
../imgs/train_crops/neutral/Trainneutral_sliced_images13561968245_a2e09ef264_b.jpgface8.bmp 0.60466 5.26112e-05 0.0528583 0.000911332 0.333196 0.000183155 0.00813805 
../imgs/train_crops/neutral/Trainneutral_sliced_images13562323564_a48c71b97e_b.jpgface2.bmp 0.145755 0.00466654 0.0280779 0.42561 0.310324 0.0500979 0.0354686 
../imgs/train_crops/neutral/Trainneutral_sliced_images4825554168_0f241e6df0_b.jpgface3.bmp 0.121432 0.00037575 0.0535752 0.0304136 0.284734 0.0255242 0.483945 
../imgs/train_crops/neutral/TrainNeutral64-voter-turnout-first-phase-up-elections-ec-25381560.jpgface52.bmp 0.107651 0.00196835 0.121658 0.302581 0.0747709 0.0105983 0.380772 
../imgs/train_crops/neutral/Trainneutral_sliced_images4527089920_a20895a6c0_b.jpgbface4.bmp 0.287959 0.00160166 0.158057 0.0677443 0.228272 0.00676172 0.249604 
../imgs/train_crops/neutral/Trainneutral_sliced_images13561964535_1b92a2cbb9_b.jpgface4.bmp 0.0362261 0.000124994 0.0364514 0.376836 0.0784302 0.00014926 0.471782 
../imgs/train_crops/neutral/Trainneutral_sliced_images10656442954_5957c6e2de_b.jpgface0.bmp 0.0854897 0.000165546 0.062704 0.000475532 0.744597 0.0161375 0.0904307 
../imgs/train_crops/neutral/TrainNeutral00e4a47226187560f4785be6456eacbb.jpgface42.bmp 0.302743 0.000546366 0.124524 0.308185 0.0505578 0.00945984 0.203984 
../imgs/train_crops/neutral/Trainneutral_sliced_images4637044475_8deb987321_b.jpgface2.bmp 0.27801 0.0008297 0.0417801 0.0433033 0.322108 0.00602408 0.307945 
../imgs/train_crops/neutral/Trainneutral_sliced_images2552416413_171ace0dfa_b.jpgface4.bmp 0.369521 0.0799108 0.0518048 0.113696 0.132578 0.159338 0.0931513 
../imgs/train_crops/neutral/Trainneutral_sliced_images6788890032_5c78a5b6f7_b.jpgface6.bmp 0.100243 7.00666e-05 0.0444997 0.0837332 0.354197 0.00379678 0.41346 
../imgs/train_crops/neutral/Trainneutral_sliced_images3807947701_df15806a86_b.jpgface39.bmp 0.0951623 0.0213758 0.0666592 0.387382 0.399292 0.00276257 0.0273664 
../imgs/train_crops/neutral/Trainneutral_sliced_images12952153755_4f08f4b6d2_b.jpgface5.bmp 0.396533 0.00125126 0.139005 0.0958465 0.26198 0.0062448 0.0991402 
../imgs/train_crops/neutral/Trainneutral_sliced_images3033667648_deea79a8f4_b.jpgface5.bmp 0.503118 0.00677851 0.0648353 0.223599 0.169879 0.0160008 0.0157885 
../imgs/train_crops/neutral/TrainNeutral2194872.jpgface33.bmp 0.0933833 0.000910602 0.040589 0.651499 0.06352 0.00638327 0.143715 
../imgs/train_crops/neutral/Trainneutral_sliced_images12792663603_6b6b3b5c69_b.jpgface6.bmp 0.256923 0.00107508 0.0627812 0.0283981 0.346459 0.0119673 0.292396 
../imgs/train_crops/neutral/Trainneutral_sliced_images15003386282_5a884035ab_b.jpgface5.bmp 0.0759907 0.00700379 0.0603683 0.393445 0.0870433 0.0655861 0.310562 
../imgs/train_crops/neutral/Trainneutral_sliced_images7628932656_ef705a44ed_b.jpgface4.bmp 0.3257 5.43669e-05 0.0432391 0.0255277 0.246722 0.0195209 0.339236 
../imgs/train_crops/neutral/Trainneutral_sliced_images9743078286_889c81746f_b.jpgface33.bmp 0.245213 0.000643517 0.0284559 0.607749 0.0551577 0.00952973 0.053251 
../imgs/train_crops/neutral/Trainneutral_sliced_images13635218074_515678c677_b.jpgface6.bmp 0.101536 0.00268327 0.165349 0.00650213 0.628932 0.0120273 0.0829695 
../imgs/train_crops/neutral/Trainneutral_sliced_images11862391566_77d61ea45f_b.jpgface25.bmp 0.200186 0.00156197 0.0361515 0.519163 0.0590732 0.00595275 0.177911 
../imgs/train_crops/neutral/Trainneutral_sliced_images14896585979_760b74552f_b.jpgface6.bmp 0.0844018 0.000177674 0.0398308 0.340757 0.434945 0.00628133 0.0936055 
../imgs/train_crops/neutral/Trainneutral_sliced_images2F3QAi4.jpgface1.bmp 0.591252 0.0006374 0.0993712 0.112769 0.117126 0.0021007 0.0767441 
../imgs/train_crops/neutral/Trainneutral_sliced_images13spain-master768.jpgface55.bmp 0.181112 0.0206698 0.0280875 0.365779 0.0446558 0.332958 0.0267385 
../imgs/train_crops/neutral/Trainneutral_sliced_images4983813285_5828b020ac_b.jpgface49.bmp 0.377607 0.0808754 0.0992154 0.18924 0.153003 0.010267 0.0897924 
../imgs/train_crops/neutral/Trainneutral_sliced_images7239533964_566cb125bd_b.jpgface2.bmp 0.163098 0.000945373 0.0811117 0.0265464 0.465401 0.00259822 0.260299 
../imgs/train_crops/neutral/Trainneutral_sliced_images13635586395_0eb25e1409_b.jpgface1.bmp 0.0966611 0.00127269 0.0168908 0.0275069 0.250413 0.00448932 0.602766 
../imgs/train_crops/neutral/Trainneutral_sliced_images01832.jpgbface4.bmp 0.0494683 4.62182e-05 0.0293085 0.445111 0.334003 0.0083339 0.133729 
../imgs/train_crops/neutral/Trainneutral_sliced_images11708502434_cfce7521df_b.jpgface5.bmp 0.189789 7.47503e-05 0.0325594 0.0558498 0.1554 0.00317181 0.563156 
../imgs/train_crops/neutral/Trainneutral_sliced_images2688456304_9bcdfe570b_b.jpgface1.bmp 0.0175145 0.00733776 0.0430106 0.168652 0.0555597 0.021575 0.68635 
../imgs/train_crops/neutral/Trainneutral_sliced_images9390928268_1c5931eea7_b.jpgface5.bmp 0.273708 0.0407241 0.178226 0.048564 0.348067 0.00117913 0.109531 
../imgs/train_crops/neutral/Trainneutral_sliced_images5014881288_f200d94a98_b.jpgface3.bmp 0.103582 0.00149944 0.0185883 0.141541 0.424507 0.00285015 0.307432 
../imgs/train_crops/neutral/Trainneutral_sliced_images4984405246_3635f8081e_b.jpgface12.bmp 0.170918 0.000799207 0.172448 0.290362 0.090621 0.0225382 0.252313 
../imgs/train_crops/neutral/Trainneutral_sliced_images4928892466_96b9bcc9ba_b.jpgface36.bmp 0.230004 0.00608784 0.219485 0.124107 0.255778 0.011586 0.152952 
../imgs/train_crops/neutral/Trainneutral_sliced_images4915619411_9cefdef2fa_b.jpgface1.bmp 0.022184 0.00080259 0.00543816 0.720335 0.0034675 0.000950123 0.246823 
../imgs/train_crops/neutral/Trainneutral_sliced_images82efe3f8-59ad-4bcc-91d2-3d3c349c44db-Syrian-refugees.jpgface19.bmp 0.22477 0.000666175 0.292887 0.170068 0.199094 0.062645 0.0498693 
../imgs/train_crops/neutral/TrainNeutral2pre.jpgface2.bmp 0.670157 0.000172093 0.0455351 0.0711377 0.174184 0.00235479 0.0364594 
../imgs/train_crops/neutral/Trainneutral_sliced_images15389737823_25289921e7_b.jpgface4.bmp 0.0518984 0.000145892 0.164152 0.0396267 0.654985 0.00472914 0.0844624 
../imgs/train_crops/neutral/Trainneutral_sliced_images2552406001_edf0ea2535_b.jpgface5.bmp 0.22245 0.00125146 0.0916332 0.404762 0.194739 0.00262623 0.0825384 
../imgs/train_crops/neutral/TrainNeutral000_8Q3VR.jpgface9.bmp 0.290634 0.00283287 0.203915 0.0899334 0.282615 0.120653 0.00941692 
../imgs/train_crops/neutral/TrainNeutral577258911_9ba6d43d09_z.jpgface2.bmp 0.0181136 0.000215626 0.0647593 0.680131 0.0969174 0.00700521 0.132858 
../imgs/train_crops/neutral/Trainneutral_sliced_images1308128_1280x720.jpgbface3.bmp 0.13094 0.00907593 0.128482 0.433393 0.162059 0.0449533 0.0910968 
../imgs/train_crops/neutral/Trainneutral_sliced_images843073722_70d19d99d7_b.jpgface20.bmp 0.306052 5.39588e-05 0.087001 0.0816688 0.018667 0.0265816 0.479975 
../imgs/train_crops/neutral/TrainNeutral15-1431690794-aap-supporters-solidarity-600.jpgface2.bmp 0.258004 3.0101e-05 0.0273027 0.00558818 0.648403 0.000409247 0.0602624 
../imgs/train_crops/neutral/Trainneutral_sliced_images2660249991_eb738df546_b.jpgface0.bmp 0.464951 0.0409705 0.0303615 0.0516032 0.143897 0.00609014 0.262127 
../imgs/train_crops/neutral/Trainneutral_sliced_images5253932361_d4f957d237_b.jpgface2.bmp 0.00963682 2.70242e-06 0.00404955 0.944877 0.0059437 0.000900315 0.0345899 
../imgs/train_crops/neutral/TrainNeutral09pope_diplolg.jpgface9.bmp 0.513748 0.000522804 0.00957128 0.0539481 0.0828578 0.312441 0.0269105 
../imgs/train_crops/neutral/Trainneutral_sliced_images3869937886_6cb91ff67c_b.jpgface5.bmp 0.539082 0.00105195 0.159243 0.08798 0.0311854 0.0135075 0.16795 
../imgs/train_crops/neutral/Trainneutral_sliced_images8085390f925b47e9a556e774074349ff.jpgface21.bmp 0.0240784 4.95807e-05 0.0282402 0.0295898 0.910574 0.000919782 0.00654822 
../imgs/train_crops/neutral/TrainNeutral0,,1546198_4,00.jpgface3.bmp 0.000212949 3.56637e-05 0.0006317 0.990255 0.00368172 0.000594095 0.00458891 
../imgs/train_crops/neutral/TrainNeutral95494892.jpgface11.bmp 0.284283 0.000290271 0.204285 0.067633 0.270339 0.010386 0.162784 
../imgs/train_crops/neutral/Trainneutral_sliced_images7003227269_838475122c_b.jpgface16.bmp 0.0163031 0.0179208 0.0227207 0.735865 0.0689849 0.00509402 0.133111 
../imgs/train_crops/neutral/Trainneutral_sliced_images536f97abdfaf9.jpgface3.bmp 0.0716453 1.87886e-05 0.0864214 0.221097 0.0115371 0.0293984 0.579882 
../imgs/train_crops/neutral/Trainneutral_sliced_images11402908405_6a0f4e2952_b.jpgface0.bmp 0.160516 0.000298166 0.151902 0.138968 0.196116 0.123164 0.229036 
../imgs/train_crops/neutral/Trainneutral_sliced_images15472897051_66cc15f696_b.jpgface10.bmp 0.164628 0.148685 0.050824 0.321479 0.145123 0.0726395 0.0966225 
../imgs/train_crops/neutral/Trainneutral_sliced_images12810049455_89f0fa1611_b.jpgface1.bmp 0.00322621 1.12767e-05 0.00203851 0.969935 0.0179153 0.000172978 0.00670106 
../imgs/train_crops/neutral/TrainNeutral278529-vietnam-prime-minister-in-india-reuters.jpgface1.bmp 0.0655086 3.32299e-05 0.0384521 0.0419579 0.774345 0.00039406 0.0793096 
../imgs/train_crops/neutral/Trainneutral_sliced_images9362003732_5293f22c83_b.jpgface2.bmp 0.429523 8.71061e-05 0.0340002 0.0226268 0.329015 0.00122539 0.183523 
../imgs/train_crops/neutral/Trainneutral_sliced_images4928892466_96b9bcc9ba_b.jpgface15.bmp 0.0254911 2.67598e-05 0.00865201 0.887285 0.022556 0.000422593 0.0555665 
../imgs/train_crops/neutral/Trainneutral_sliced_images14396312711_152dc65630_b.jpgface20.bmp 0.17629 0.0115478 0.132785 0.194047 0.0275088 0.195592 0.26223 
../imgs/train_crops/neutral/Trainneutral_sliced_images15690994558_8e9f4c58f8_b.jpgface0.bmp 0.152071 0.000772939 0.274422 0.0469685 0.27243 0.136472 0.116864 
../imgs/train_crops/neutral/Trainneutral_sliced_images14213068870_5bcb6a946d_b.jpgface17.bmp 0.401607 0.00363575 0.129342 0.176519 0.235382 0.0400891 0.0134249 
../imgs/train_crops/neutral/Trainneutral_sliced_images843073722_70d19d99d7_b.jpgface28.bmp 0.294921 0.0011389 0.169622 0.153465 0.0741438 0.0248874 0.281823 
../imgs/train_crops/neutral/Trainneutral_sliced_images11444624326_ee631b266e_b.jpgface5.bmp 0.129053 0.00176649 0.213128 0.197562 0.130153 0.0507643 0.277573 
../imgs/train_crops/neutral/Trainneutral_sliced_images8507357556_04ddd173b8_b.jpgface4.bmp 0.152574 0.00211915 0.132801 0.0517026 0.424216 0.000794727 0.235793 
../imgs/train_crops/neutral/TrainNeutral1424290873_54dcb096fb_z.jpgface5.bmp 0.16609 0.00277535 0.146071 0.0276492 0.611156 0.00160854 0.0446502 
../imgs/train_crops/neutral/Trainneutral_sliced_images843073722_70d19d99d7_b.jpgface8.bmp 0.0324655 0.000187396 0.0645014 0.0172793 0.573087 0.0135509 0.298929 
../imgs/train_crops/neutral/Trainneutral_sliced_images11220986783_e568ceffb9_b.jpgface0.bmp 0.0254236 9.48557e-05 0.0587651 0.0774358 0.0379203 0.0226278 0.777732 
../imgs/train_crops/neutral/Trainneutral_sliced_images2016_4$largeimg14_Thursday_2016_011152344.jpgbface9.bmp 0.139597 0.000240093 0.084918 0.458849 0.245659 0.00329744 0.0674393 
../imgs/train_crops/neutral/Trainneutral_sliced_images13spain-master768.jpgface22.bmp 0.223778 0.0184868 0.0786382 0.164345 0.279926 0.0377489 0.197077 
../imgs/train_crops/neutral/Trainneutral_sliced_images9743078286_889c81746f_b.jpgface16.bmp 0.0650911 7.60885e-06 0.0277564 0.810831 0.0819137 0.000316291 0.0140837 
../imgs/train_crops/neutral/Trainneutral_sliced_images8525651324_6ed4ae5ee7_b.jpgface8.bmp 0.358586 0.00172512 0.173438 0.0298852 0.355545 0.000346006 0.0804743 
../imgs/train_crops/neutral/Trainneutral_sliced_images141619355.jpgface4.bmp 0.315828 0.00172731 0.0330675 0.0137131 0.623407 0.00278756 0.00946937 
../imgs/train_crops/neutral/Trainneutral_sliced_images8379672875_e20ed379a3_o.jpgface1.bmp 0.0624457 0.000227794 0.407875 0.00367453 0.0810672 0.314764 0.129946 
../imgs/train_crops/neutral/Trainneutral_sliced_images8423170769_b5a6ed1dfa_b.jpgface1.bmp 0.0942009 0.00127169 0.0599179 0.231948 0.38347 0.0335981 0.195593 
../imgs/train_crops/neutral/Trainneutral_sliced_images15364840604_50efdb863a_b.jpgface14.bmp 0.336658 0.013684 0.0365536 0.259935 0.174891 0.121946 0.0563317 
../imgs/train_crops/neutral/Trainneutral_sliced_images7982441261_b5fc0fb4d5_b.jpgface11.bmp 0.313429 0.0299462 0.0294471 0.0944636 0.404543 0.063749 0.0644219 
../imgs/train_crops/neutral/Trainneutral_sliced_images6122858343_7d371325cc_b.jpgface7.bmp 0.307238 0.0101768 0.0494075 0.26004 0.0959873 0.0107862 0.266365 
../imgs/train_crops/neutral/TrainNeutral515058-rape-protest-pic.jpgface14.bmp 0.398276 0.0026437 0.0933182 0.057131 0.393746 0.0166228 0.0382624 
../imgs/train_crops/neutral/Trainneutral_sliced_images7239533158_9c9935042f_b.jpgface0.bmp 0.0903464 0.00126637 0.0354616 0.42332 0.283201 0.0421346 0.12427 
../imgs/train_crops/neutral/Trainneutral_sliced_images13spain-master768.jpgface91.bmp 0.476547 0.00209075 0.0911548 0.0693059 0.181512 0.0460141 0.133375 
../imgs/train_crops/neutral/Trainneutral_sliced_images15459524445_dff4167f5b_b.jpgface46.bmp 0.233554 0.00375282 0.222529 0.285553 0.0448618 0.0276271 0.182122 
../imgs/train_crops/neutral/Trainneutral_sliced_images13562030923_9db5cc3259_b.jpgface5.bmp 0.198167 0.000370582 0.0539941 0.315384 0.00885125 0.0217458 0.401488 
../imgs/train_crops/neutral/TrainNeutral3arctic30-greenpeace_9989-s.jpgface0.bmp 0.0102178 0.00184901 0.0212846 0.805357 0.0288534 0.000923686 0.131515 
../imgs/train_crops/neutral/Trainneutral_sliced_images18693-libyan-leader-gaddafi-waves-next-to-italian.jpgbface6.bmp 0.249344 0.0343383 0.172972 0.16798 0.323736 0.00289029 0.0487398 
../imgs/train_crops/neutral/Trainneutral_sliced_images920x920-005.jpgbface2.bmp 0.00620595 9.0166e-05 0.000700912 0.986238 0.00225146 0.00011965 0.00439439 
../imgs/train_crops/neutral/Trainneutral_sliced_images14667374037_094e13b777_b.jpgface4.bmp 0.243116 0.000549226 0.150388 0.127823 0.431894 0.00115615 0.0450732 
../imgs/train_crops/neutral/Trainneutral_sliced_images843073722_70d19d99d7_b.jpgface19.bmp 0.134766 0.000508416 0.212526 0.125673 0.0386375 0.0562972 0.431592 
../imgs/train_crops/neutral/TrainNeutral2146708256_c019f141cc_z.jpgface1.bmp 0.030637 0.000164261 0.0395617 0.0352824 0.741 0.000106095 0.153248 
../imgs/train_crops/neutral/Trainneutral_sliced_images5255025570_8f148b5418_b.jpgface0.bmp 0.0560747 7.02064e-05 0.0617912 0.000168961 0.112643 0.000367852 0.768884 
../imgs/train_crops/neutral/Trainneutral_sliced_images515135344a2c74e8b4c94e703defcf9e35a94401_hq.jpgbface4.bmp 0.397439 0.0033878 0.0740817 0.0481309 0.340113 0.113438 0.0234096 
../imgs/train_crops/neutral/TrainNeutral130825_180759baba-siddique-at-rally.jpgface2.bmp 0.00230489 5.29734e-05 0.0578471 0.853136 0.0651522 0.0104619 0.011045 
../imgs/train_crops/neutral/Trainneutral_sliced_images18693-libyan-leader-gaddafi-waves-next-to-italian.jpgbface11.bmp 0.263946 0.0107758 0.216224 0.00614245 0.410953 0.00479608 0.0871617 
../imgs/train_crops/neutral/TrainNeutral2194872.jpgface14.bmp 0.141841 0.000138362 0.202077 0.132775 0.341707 0.0419454 0.139517 
../imgs/train_crops/neutral/Trainneutral_sliced_images14775776781_1d3a342a6e_b.jpgface1.bmp 0.226276 0.000320373 0.0545187 0.238368 0.442138 0.0135504 0.0248288 
../imgs/train_crops/neutral/Trainneutral_sliced_images6857198388_b24e53699d_b.jpgface22.bmp 0.409633 0.00289451 0.105444 0.303823 0.0999267 0.0127365 0.0655431 
../imgs/train_crops/neutral/Trainneutral_sliced_images11977601144_31039599c3_b.jpgface1.bmp 0.0121071 3.72128e-08 0.000658708 3.68246e-05 0.0658013 0.000111027 0.921285 
../imgs/train_crops/neutral/Trainneutral_sliced_images14545378102_f6d5df6afe_b.jpgface10.bmp 0.265963 0.00690098 0.0842823 0.246813 0.349522 0.00514925 0.0413697 
../imgs/train_crops/neutral/Trainneutral_sliced_images14287260959_cb8811702e_b.jpgface46.bmp 0.515549 0.00436935 0.0429556 0.257265 0.116984 0.0231561 0.0397209 
../imgs/train_crops/neutral/Trainneutral_sliced_images15389299073_71471db7ea_b.jpgface0.bmp 0.057207 4.18969e-05 0.142597 0.0369672 0.721367 0.00206364 0.0397564 
../imgs/train_crops/neutral/TrainNeutral2pre.jpgface0.bmp 0.350983 0.00166945 0.174985 0.061636 0.219907 0.00271154 0.188108 
../imgs/train_crops/neutral/Trainneutral_sliced_images13635488405_cd472ebc63_b.jpgface14.bmp 0.424805 0.00312027 0.146721 0.122928 0.0951162 0.0239886 0.183321 
../imgs/train_crops/neutral/TrainNeutral_6507235_orig.jpgface4.bmp 0.0768838 2.52563e-06 0.116818 0.466551 0.0532086 0.000507143 0.286029 
../imgs/train_crops/neutral/Trainneutral_sliced_images4928892466_96b9bcc9ba_b.jpgface20.bmp 0.0937943 0.000296017 0.0174471 0.630264 0.0862823 0.0011322 0.170784 
../imgs/train_crops/neutral/Trainneutral_sliced_images0,,16941392_303,00.jpgbface14.bmp 0.0888372 0.0120762 0.0332295 0.551439 0.140634 0.0798534 0.0939304 
../imgs/train_crops/neutral/TrainNeutral1163269-amy-winehouse-funeral-617-409.jpgface1.bmp 0.0191642 1.76272e-05 0.0449335 0.00675385 0.124818 0.119447 0.684866 
../imgs/train_crops/neutral/Trainneutral_sliced_images5392097355_b086616a96_b.jpgface29.bmp 0.0925055 0.000388044 0.0905819 0.205551 0.0158994 0.0136828 0.581391 
../imgs/train_crops/neutral/TrainNeutral840913880_906a1163a0_z.jpgface1.bmp 0.00367438 1.96671e-06 0.0190297 0.000824387 0.0135224 0.0105181 0.952429 
../imgs/train_crops/neutral/Trainneutral_sliced_images15450465435_65e7495d0f_b.jpgface8.bmp 0.195756 0.00127677 0.0647931 0.229438 0.392247 0.0900359 0.0264531 
../imgs/train_crops/neutral/Trainneutral_sliced_images15486137474_1524ef262c_b.jpgface3.bmp 0.575928 0.00284121 0.0600262 0.0169806 0.131409 0.000818615 0.211996 
../imgs/train_crops/neutral/TrainNeutral73464887.jpgface11.bmp 0.0780525 0.00111393 0.239094 0.0170463 0.541073 0.0297648 0.0938547 
../imgs/train_crops/neutral/Trainneutral_sliced_images14614285671_24e295ea10_b.jpgface1.bmp 0.0495075 0.000471532 0.0462296 0.00092245 0.803413 7.44856e-05 0.0993817 
../imgs/train_crops/neutral/Trainneutral_sliced_images13984332852_01383c2e7f_b.jpgface7.bmp 0.268304 0.414598 0.0515099 0.121542 0.0858723 0.0120056 0.0461689 
../imgs/train_crops/neutral/Trainneutral_sliced_images2552410207_e653c2b90b_b.jpgface11.bmp 0.151532 0.0138294 0.0405455 0.63849 0.0370409 0.00725845 0.111304 
../imgs/train_crops/neutral/Trainneutral_sliced_images9600358395_1c0162b87b_o_d.jpgface7.bmp 0.0838481 0.0455333 0.0304472 0.362419 0.324556 0.000526856 0.152669 
../imgs/train_crops/neutral/Trainneutral_sliced_images11118237373_d3077cfdb3_b.jpgface1.bmp 0.0103573 0.00145059 0.0496932 0.0654907 0.0928794 0.00279511 0.777334 
../imgs/train_crops/neutral/Trainneutral_sliced_images56728047_d005032bf8_b.jpgface1.bmp 0.306395 0.00182135 0.131337 0.0165842 0.492831 0.00763409 0.0433975 
../imgs/train_crops/neutral/Trainneutral_sliced_images13spain-master768.jpgface110.bmp 0.174928 0.00233248 0.0898199 0.492352 0.192311 0.0324689 0.0157881 
../imgs/train_crops/neutral/Trainneutral_sliced_images9716884576_337feb2295_b.jpgface7.bmp 0.0613431 0.000289272 0.316857 0.00931139 0.5974 0.00230435 0.0124952 
../imgs/train_crops/neutral/Trainneutral_sliced_images2552416413_171ace0dfa_b.jpgface14.bmp 0.672306 0.00936548 0.0239155 0.0893313 0.123884 0.0456545 0.0355433 
../imgs/train_crops/neutral/Trainneutral_sliced_images00100301_H47119143-760x507.jpgface85.bmp 0.172574 9.27937e-05 0.178402 0.145346 0.0929658 0.0172241 0.393396 
../imgs/train_crops/neutral/Trainneutral_sliced_images3869946032_a6d25c1281_b.jpgface1.bmp 0.128236 0.000253686 0.0384251 0.424798 0.203024 0.00188438 0.203378 
../imgs/train_crops/neutral/Trainneutral_sliced_images3807948283_56217f3039_b.jpgface52.bmp 0.122091 0.102157 0.309252 0.0497659 0.297802 0.0551307 0.0638019 
../imgs/train_crops/neutral/Trainneutral_sliced_images11190374466_d2ea504ece_b.jpgface0.bmp 0.0264017 3.25056e-05 0.0691962 0.0261542 0.225663 0.00041502 0.652138 
../imgs/train_crops/neutral/Trainneutral_sliced_images5363424751_9799ed960e_b.jpgface1.bmp 0.11827 1.44801e-05 0.131059 0.171669 0.161706 0.00757812 0.409704 
../imgs/train_crops/neutral/Trainneutral_sliced_images3807948283_56217f3039_b.jpgface62.bmp 0.471461 0.00402448 0.13231 0.1215 0.24202 0.00556419 0.0231203 
../imgs/train_crops/neutral/Trainneutral_sliced_images15386916594_c0f33d7197_b.jpgface6.bmp 0.113806 3.94412e-05 0.0765839 0.237962 0.0216186 0.00412301 0.545866 
../imgs/train_crops/neutral/Trainneutral_sliced_images2016_4$largeimg14_Thursday_2016_011152344.jpgbface6.bmp 0.372565 0.00746555 0.0762032 0.381185 0.105447 0.00936205 0.0477721 
../imgs/train_crops/neutral/Trainneutral_sliced_images5521551044_dcdf8ae3e0_b.jpgface6.bmp 0.275809 0.0020269 0.434015 0.0680163 0.121582 0.0010951 0.097456 
../imgs/train_crops/neutral/Trainneutral_sliced_images12780690233_f86e0850eb_b.jpgface12.bmp 0.216561 0.00962685 0.112548 0.511709 0.0907 0.0196169 0.0392375 
../imgs/train_crops/neutral/Trainneutral_sliced_images11444898245_cb61584e7e_b.jpgface3.bmp 0.25461 0.000115079 0.14555 0.0176619 0.399042 0.000406775 0.182614 
../imgs/train_crops/neutral/Trainneutral_sliced_images13spain-master768.jpgface139.bmp 0.344502 0.00529923 0.132101 0.142795 0.168907 0.0173884 0.189009 
../imgs/train_crops/neutral/Trainneutral_sliced_images2813955053_4545dab365_b.jpgface0.bmp 0.136618 0.000434367 0.471941 0.00243106 0.316965 0.0277037 0.0439069 
../imgs/train_crops/neutral/Trainneutral_sliced_images13635295124_e5be02f268_b.jpgface3.bmp 0.158011 0.00214319 0.152537 0.135321 0.488154 0.00206657 0.061767 
../imgs/train_crops/neutral/Trainneutral_sliced_images3284097543_17a72f9b89_b.jpgface17.bmp 0.440674 0.000225905 0.242572 0.0223931 0.0637198 0.023302 0.207114 
../imgs/train_crops/neutral/Trainneutral_sliced_images11220986783_e568ceffb9_b.jpgface1.bmp 0.0250316 7.84489e-07 0.0391003 0.0201903 0.349321 0.0053808 0.560976 
../imgs/train_crops/neutral/Trainneutral_sliced_images2552408619_9e6c7d2091_b.jpgface5.bmp 0.235844 0.0471535 0.0361733 0.557817 0.0817736 0.0116797 0.0295582 
../imgs/train_crops/neutral/TrainNeutral6326357763_a50e6c4038_z.jpgface12.bmp 0.0383951 0.000138361 0.25275 0.0188528 0.227839 0.00328008 0.458744 
../imgs/train_crops/neutral/Trainneutral_sliced_images15162999564_8dceddc2a2_b.jpgface1.bmp 0.0418588 7.99766e-06 0.0961789 0.0107137 0.797183 0.0100014 0.0440561 
../imgs/train_crops/neutral/Trainneutral_sliced_images5363424751_9799ed960e_b.jpgface2.bmp 0.171171 0.00198604 0.156245 0.265271 0.249936 0.00615692 0.149233 
../imgs/train_crops/neutral/TrainNeutral2139057072_0b26716003_z.jpgface16.bmp 0.620638 0.0240189 0.0339087 0.136774 0.119877 0.0421808 0.022603 
