../imgs/train_crops/positive/Trainpositive_sliced_images2561196560_4e460c6a53_b.jpgface7.bmp 0.280259 0.00838773 0.0498153 0.0879129 0.1074 0.0209759 0.445249 
../imgs/train_crops/positive/Trainpositive_sliced_images5328894245_7900fd71fe_b.jpgface5.bmp 0.150403 7.24692e-05 0.335325 0.0326301 0.411505 0.01542 0.0546445 
../imgs/train_crops/positive/Trainpositive_sliced_images452181426.jpgface3.bmp 0.0721016 0.034479 0.0301104 0.744526 0.0456859 0.0193416 0.0537555 
../imgs/train_crops/positive/Trainpositive_sliced_images5014277613_c623259eaa_b.jpgface13.bmp 0.0174316 0.00202892 0.0351137 0.374172 0.269416 0.00489316 0.296944 
../imgs/train_crops/positive/Trainpositive_sliced_images5014883794_979213e534_b.jpgface14.bmp 0.176387 0.000113244 0.133294 0.0496162 0.021894 0.0634391 0.555256 
../imgs/train_crops/positive/Trainpositive_sliced_images920x920-007.jpgbface14.bmp 0.198704 0.00630496 0.236064 0.399847 0.0775069 0.0145296 0.0670439 
../imgs/train_crops/positive/Trainpositive_sliced_images56e3832704e42.image.jpgbface28.bmp 0.251602 0.00117084 0.0834666 0.105863 0.0297014 0.0497649 0.478431 
../imgs/train_crops/positive/TrainPositive511615302-general-director-gsma-mats-granryd-and-gettyimages.jpgface0.bmp 0.000304094 4.23472e-06 0.000186829 0.999074 0.000128441 5.29946e-05 0.000249496 
../imgs/train_crops/positive/TrainPositive462908114-kosta-barbarouses-of-the-victory-celebrates-gettyimages.jpgface2.bmp 0.0565876 0.00119861 0.00261213 0.905166 0.0013083 0.0327345 0.000392818 
../imgs/train_crops/positive/Trainpositive_sliced_images5389108109_155ffcb055_b.jpgface2.bmp 0.00542118 0.00105178 0.0191747 0.901845 0.0160496 0.0063751 0.0500825 
../imgs/train_crops/positive/Trainpositive_sliced_images3252380825_be9e2672ff_b.jpgface0.bmp 0.219202 0.00451615 0.140902 0.020724 0.514225 0.00579464 0.0946364 
../imgs/train_crops/positive/Trainpositive_sliced_images4785393876_2d2b1432e3_b.jpgface1.bmp 0.147633 0.0083644 0.525086 0.109734 0.0966895 0.0166156 0.0958778 
../imgs/train_crops/positive/TrainPositive5014275917_498dbef4a4_z.jpgface13.bmp 0.310628 0.0137666 0.0772493 0.412582 0.043256 0.0322344 0.110283 
../imgs/train_crops/positive/Trainpositive_sliced_images100th+baytobreakers+family.jpgface30.bmp 0.211872 0.00141123 0.104691 0.249484 0.0541937 0.0337551 0.344593 
../imgs/train_crops/positive/Trainpositive_sliced_images4787427775_68bac1ccb4_b.jpgface0.bmp 0.0671297 7.34611e-05 0.0450857 0.552002 0.28754 0.0036568 0.0445124 
../imgs/train_crops/positive/TrainPositive3042870520_d31203564c_z.jpgface2.bmp 0.0029543 5.73108e-07 0.000431003 0.992822 0.00110376 0.000296672 0.00239145 
../imgs/train_crops/positive/TrainPositive195230529_7b4b786a94_z.jpgface1.bmp 0.0143578 4.3835e-05 0.00839558 0.865304 0.0172969 0.0178898 0.0767119 
../imgs/train_crops/positive/TrainPositive628x471.jpgface2.bmp 0.161498 0.0210159 0.266983 0.0893774 0.2521 0.115291 0.0937347 
../imgs/train_crops/positive/Trainpositive_sliced_images6395478837_1093b9d502_b.jpgface13.bmp 0.550682 0.0506172 0.0286886 0.24098 0.0748313 0.0228191 0.0313822 
../imgs/train_crops/positive/Trainpositive_sliced_images2876556620_02ef8145e6_b.jpgface5.bmp 0.259281 0.00433424 0.233649 0.0502699 0.374534 0.0706606 0.00727094 
../imgs/train_crops/positive/Trainpositive_sliced_images6045931736_8a33012520_b.jpgface3.bmp 0.00195705 5.13439e-06 0.00224587 0.935133 0.00610898 0.000672825 0.0538777 
../imgs/train_crops/positive/Trainpositive_sliced_images5050270052_0b8c8c28f4_b.jpgface3.bmp 0.00466557 0.000253774 0.00162892 0.91001 0.000508778 0.00130232 0.0816311 
../imgs/train_crops/positive/Trainpositive_sliced_images2015-Convocation-001.jpgface8.bmp 0.125445 0.0107881 0.0134822 0.713159 0.116776 0.000944229 0.0194044 
../imgs/train_crops/positive/TrainPositive20090717_583555.jpgface2.bmp 0.0455223 0.00390367 0.00951834 0.0173155 0.102385 0.00036668 0.820988 
../imgs/train_crops/positive/Trainpositive_sliced_images919e03313a6ce0ed4beb7ac6e9c3d102.jpgbface22.bmp 0.610686 0.0208448 0.0189091 0.095371 0.156658 0.0647967 0.032734 
../imgs/train_crops/positive/Trainpositive_sliced_images5392094025_09a476335a_b.jpgface4.bmp 0.0638182 0.000441721 0.0774412 0.115544 0.598505 0.0037024 0.140547 
../imgs/train_crops/positive/Trainpositive_sliced_images145364154.jpgface14.bmp 0.181355 0.00270433 0.16218 0.106066 0.515769 0.00640165 0.0255243 
../imgs/train_crops/positive/Trainpositive_sliced_images6102630828_761982efc0_b.jpgface2.bmp 0.360087 3.37192e-05 0.178356 0.121376 0.0543311 0.0117118 0.274104 
../imgs/train_crops/positive/Trainpositive_sliced_images5049917058_d3329a29e8_b.jpgface0.bmp 0.000151013 5.39564e-08 3.38002e-06 0.999564 1.63372e-06 1.35799e-05 0.000266182 
../imgs/train_crops/positive/TrainPositive923090-australia-1437293184-814-640x480.jpgface1.bmp 0.398012 0.000615354 0.0469234 0.273245 0.117912 0.000843866 0.162449 
../imgs/train_crops/positive/Trainpositive_sliced_images146801620_76c04fd990_b.jpgface3.bmp 0.259626 0.0655985 0.0893013 0.431106 0.0144983 0.0445229 0.0953477 
../imgs/train_crops/positive/Trainpositive_sliced_images4745735598_b4f4f5ee58_b.jpgface1.bmp 0.000356263 0.000105542 0.0007673 0.975385 0.00167847 0.000120548 0.0215873 
../imgs/train_crops/positive/Trainpositive_sliced_images112015-SOCCER-Nice-players-celebrate-after-second-goal-MM-PI.vresize.1200.675.high.49.jpgbface1.bmp 0.132483 0.000326548 0.132306 0.0424899 0.569384 0.0248152 0.0981947 
../imgs/train_crops/positive/Trainpositive_sliced_images102836114.jpgface2.bmp 0.126212 0.00679397 0.0313759 0.0371418 0.272406 0.00408027 0.521991 
../imgs/train_crops/positive/Trainpositive_sliced_images5254868404_e673d6a13e_b.jpgface3.bmp 0.139652 0.0036225 0.0350564 0.626474 0.076601 0.011955 0.106639 
../imgs/train_crops/positive/Trainpositive_sliced_images5539395465_770215fd65_b.jpgface0.bmp 0.243478 0.0502752 0.119459 0.0290969 0.412705 0.0731087 0.0718782 
../imgs/train_crops/positive/Trainpositive_sliced_images134402236_14365700155021n.jpgface0.bmp 0.576856 0.000971344 0.0170274 0.097843 0.137904 0.0172793 0.152119 
../imgs/train_crops/positive/Trainpositive_sliced_images452181426.jpgface27.bmp 0.517948 0.000148708 0.0831543 0.0827319 0.294035 0.00746506 0.014517 
../imgs/train_crops/positive/Trainpositive_sliced_images6045384385_8a7f0cefd0_b.jpgface1.bmp 0.00538229 1.55853e-05 0.109059 0.45373 0.364413 0.00147389 0.0659255 
../imgs/train_crops/positive/Trainpositive_sliced_images5050247518_41a190d4fc_b.jpgface3.bmp 0.0478446 0.0001001 0.0487459 0.285361 0.0641585 0.00550313 0.548287 
../imgs/train_crops/positive/Trainpositive_sliced_images6809249436_e378331aa4_b.jpgface7.bmp 0.162067 2.54642e-05 0.212876 0.0275114 0.467463 0.00989067 0.120166 
../imgs/train_crops/positive/Trainpositive_sliced_images6130067202_1182080115_b.jpgface9.bmp 0.0885717 9.2895e-05 0.287148 0.0942596 0.353156 0.00571379 0.171057 
../imgs/train_crops/positive/Trainpositive_sliced_images3619714336_d61ac376c0_b.jpgface4.bmp 0.149934 0.0280783 0.0301853 0.651962 0.0653059 0.0384298 0.0361042 
../imgs/train_crops/positive/Trainpositive_sliced_images5797387341_4658132100_b.jpgface3.bmp 0.28284 0.00844635 0.0962709 0.324852 0.133596 0.022621 0.131373 
../imgs/train_crops/positive/Trainpositive_sliced_images5254755970_336ef3b16d_b.jpgface3.bmp 0.084277 0.00356729 0.0435522 0.124107 0.564565 0.00151373 0.178418 
../imgs/train_crops/positive/TrainPositive257807FD00000578-2944946-A_petition_signed_by_100_000_British_Muslims_was_handed_to_No_10-a-65_1423424837552.jpgface46.bmp 0.206382 0.00430289 0.17804 0.0104732 0.479138 0.00701474 0.114649 
../imgs/train_crops/positive/Trainpositive_sliced_images5669294797_88fbb48e5f_b.jpgface25.bmp 0.160302 0.000257974 0.0893067 0.400315 0.0254629 0.0169811 0.307374 
../imgs/train_crops/positive/Trainpositive_sliced_images6482287797_ba881c1c74_b.jpgbface8.bmp 0.292602 0.0107998 0.106585 0.362826 0.176592 0.00174908 0.0488475 
../imgs/train_crops/positive/Trainpositive_sliced_images5834253581_602b25e7e4_b.jpgface0.bmp 5.83166e-05 5.44367e-06 6.56703e-05 0.999551 5.7252e-05 0.000135128 0.000126746 
../imgs/train_crops/positive/Trainpositive_sliced_images75862716.jpgface10.bmp 0.283428 0.00179388 0.0702027 0.128422 0.0356726 0.0820072 0.398474 
../imgs/train_crops/positive/Trainpositive_sliced_images4745734874_00fe7a9a3c_b.jpgface12.bmp 0.256989 0.00166671 0.210223 0.123354 0.0614273 0.034056 0.312284 
../imgs/train_crops/positive/TrainPositive2008+Oktoberfest.jpgface1.bmp 0.0419719 4.32674e-05 0.0203038 0.116877 0.0299131 0.00677875 0.784112 
../imgs/train_crops/positive/Trainpositive_sliced_images5364036076_89ca001d38_b.jpgface3.bmp 0.0709378 0.00359364 0.0288333 0.700352 0.133845 0.00310743 0.0593305 
../imgs/train_crops/positive/Trainpositive_sliced_images394525720_5d96929d98_166_51419577@N00.xml.jpgbface0.bmp 0.00213162 1.16622e-07 0.000215653 0.978769 8.28044e-05 0.000170043 0.0186308 
../imgs/train_crops/positive/Trainpositive_sliced_images471370892.jpgface22.bmp 0.0322024 0.000277933 0.0373899 0.389276 0.358283 0.00177935 0.180792 
../imgs/train_crops/positive/Trainpositive_sliced_images1024x1024-001.jpgbface9.bmp 0.208292 0.000105955 0.109268 0.00261212 0.64428 0.00270493 0.0327377 
../imgs/train_crops/positive/Trainpositive_sliced_images233700558_b3ca3f2b40_b.jpgface1.bmp 0.0313095 2.49495e-05 0.00208963 0.95354 0.00286685 0.000138838 0.0100304 
../imgs/train_crops/positive/Trainpositive_sliced_images2683690799_88eb48be50_b.jpgface0.bmp 0.000243753 9.31157e-07 0.00018407 0.995569 7.40743e-05 4.69482e-05 0.00388121 
../imgs/train_crops/positive/TrainPositive384293452_4708c43e7d_z.jpgface1.bmp 0.139265 0.00690392 0.104393 0.23387 0.461274 0.00569774 0.048596 
../imgs/train_crops/positive/TrainPositive2012-07-11-NikeLGBTSportsSummitGoalsFounders.jpgface1.bmp 0.00196019 4.2116e-06 0.0041382 0.984829 0.00228108 7.35579e-05 0.00671413 
../imgs/train_crops/positive/Trainpositive_sliced_images145364167.jpgface12.bmp 0.173677 0.000931116 0.116621 0.475525 0.145913 0.0798746 0.00745752 
../imgs/train_crops/positive/TrainPositive5014883568_aa76e9bbe9_z.jpgface5.bmp 0.257944 0.071131 0.0279906 0.254251 0.180018 0.0999276 0.108738 
../imgs/train_crops/positive/Trainpositive_sliced_images24D1C78100000578-2915617-Giroud_slides_in_jubilant_celebration_and_is_joined_by_Arsenal_t-m-51_1421602651509.jpgface15.bmp 0.241965 0.000486896 0.200033 0.231253 0.0166512 0.0169227 0.292688 
../imgs/train_crops/positive/Trainpositive_sliced_images2684522170_c549da9355_b.jpgface9.bmp 0.767428 0.0115767 0.0152127 0.0518872 0.0821289 0.0454072 0.0263591 
../imgs/train_crops/positive/Trainpositive_sliced_images4622799833-colonial-pith-helmets-pink-japanese-umbrella.jpgface1.bmp 0.0024226 5.41842e-07 6.91645e-05 0.969206 0.000397053 0.00229451 0.0256102 
../imgs/train_crops/positive/TrainPositive5731347630_58a32da549_z.jpgface18.bmp 0.0779744 0.000216292 0.167261 0.0188479 0.687826 0.00431507 0.0435596 
../imgs/train_crops/positive/Trainpositive_sliced_images5014882250_df116f7057_b.jpgface3.bmp 0.1518 0.000114616 0.0639462 0.516624 0.213475 0.00209528 0.0519448 
../imgs/train_crops/positive/Trainpositive_sliced_images26725692_63bd37ab48_b.jpgface4.bmp 0.233884 0.000480728 0.180358 0.177558 0.0431124 0.0205347 0.344072 
../imgs/train_crops/positive/Trainpositive_sliced_images140202_bb_sb_Super_Bowl_Football_1.jpgface1.bmp 0.0020187 0.000138578 0.012739 0.937274 0.0294932 0.00374927 0.0145876 
../imgs/train_crops/positive/Trainpositive_sliced_images6101972471_7b7967cc88_b.jpgface2.bmp 0.271158 0.00319811 0.109889 0.0668443 0.497871 0.000985426 0.0500542 
../imgs/train_crops/positive/Trainpositive_sliced_images5376836841_5b15ae7a0e_b.jpgface0.bmp 0.0115217 2.11533e-05 0.00340006 0.00796057 0.0515225 0.000201408 0.925373 
../imgs/train_crops/positive/Trainpositive_sliced_images20170309-153632-EAG-L-MAHAIWE-2-T5_27830.jpgface3.bmp 0.00264205 1.18021e-05 0.00611569 0.949592 0.00604717 0.000404672 0.035187 
../imgs/train_crops/positive/Trainpositive_sliced_images3607158792_cc934149fe_b.jpgface16.bmp 0.123859 0.000204431 0.0670911 0.417249 0.0632598 0.03675 0.291586 
../imgs/train_crops/positive/Trainpositive_sliced_images5255410948_8e7cbca0b4_b.jpgface0.bmp 0.00395637 7.47155e-05 0.000732186 0.855393 0.00998178 0.00160262 0.128259 
../imgs/train_crops/positive/Trainpositive_sliced_images5669294797_88fbb48e5f_b.jpgface50.bmp 0.143869 0.00034859 0.096891 0.21322 0.0603902 0.0411945 0.444087 
../imgs/train_crops/positive/Trainpositive_sliced_images4789220411_0421cf8709_b.jpgface1.bmp 0.00677981 0.00027312 0.0128667 0.678183 0.015536 0.0139526 0.272409 
../imgs/train_crops/positive/Trainpositive_sliced_images5014883384_5320a1af24_b.jpgface0.bmp 0.00781116 1.53178e-05 0.00180716 0.888694 0.00116314 0.00450679 0.0960028 
../imgs/train_crops/positive/Trainpositive_sliced_images5328922097_36540232d5_b.jpgface5.bmp 0.0108297 4.67061e-07 0.00186779 0.96802 0.00825153 0.000268856 0.0107618 
../imgs/train_crops/positive/Trainpositive_sliced_images6818346570_6aaf89bbd4_b.jpgface1.bmp 0.00104814 5.58564e-06 0.00234015 0.964271 0.00833633 0.00228218 0.021717 
../imgs/train_crops/positive/Trainpositive_sliced_images56e3832704e42.image.jpgbface1.bmp 0.25027 0.0020808 0.0157213 0.0475362 0.659118 0.00939013 0.0158829 
../imgs/train_crops/positive/Trainpositive_sliced_images3780760098_c87f2f6cd4_b.jpgface0.bmp 0.0666919 0.000609572 0.0197583 0.882935 0.00236326 0.00492287 0.0227188 
../imgs/train_crops/positive/Trainpositive_sliced_images28C6209B00000578-3085067-Melbourne_Victory_players_celebrate_winning_the_club_s_third_A_L-a-12_1431855704270.jpgface15.bmp 0.0853863 0.00125096 0.208139 0.348646 0.287801 0.0145449 0.0542328 
../imgs/train_crops/positive/Trainpositive_sliced_images2876547104_d539e61146_b.jpgface3.bmp 0.0485765 8.53285e-05 0.105021 0.187322 0.640386 0.0110665 0.00754254 
../imgs/train_crops/positive/Trainpositive_sliced_images147731233.jpgface0.bmp 0.119776 4.35888e-05 0.0207103 0.0747945 0.0418379 0.56084 0.181998 
../imgs/train_crops/positive/Trainpositive_sliced_images528015156_fc36bfebaf_b.jpgface3.bmp 0.292801 0.00336172 0.204115 0.00534135 0.22249 0.0102979 0.261593 
../imgs/train_crops/positive/Trainpositive_sliced_images2408990.jpgface0.bmp 0.0464869 0.0021885 0.007197 0.835257 0.0674726 0.00438767 0.0370101 
../imgs/train_crops/positive/TrainPositive146734-004-03AB89E6.jpgface20.bmp 0.0548132 0.00032546 0.0618231 0.0619461 0.148278 0.0053538 0.66746 
../imgs/train_crops/positive/TrainPositive2940904490_2b10dcc719_z.jpgface8.bmp 0.0616447 0.00307538 0.0586781 0.0207789 0.335239 0.00310155 0.517483 
../imgs/train_crops/positive/Trainpositive_sliced_images232625069_1e2b7c93bc_b.jpgface4.bmp 0.433885 0.0002082 0.0821239 0.0583342 0.193266 0.000397538 0.231785 
../imgs/train_crops/positive/Trainpositive_sliced_images5254719603_2afc498987_b.jpgface1.bmp 0.000362563 5.97129e-06 0.000174935 0.993458 0.000590464 0.000189188 0.00521849 
../imgs/train_crops/positive/Trainpositive_sliced_images111904-football-team-victory.jpgface3.bmp 0.247634 0.000595417 0.104577 0.0674552 0.0839012 0.0119323 0.483905 
../imgs/train_crops/positive/TrainPositive181624404_3db776d68a_z.jpgface3.bmp 0.00181422 1.2511e-06 0.000610971 0.993392 0.00168929 3.48761e-05 0.00245737 
../imgs/train_crops/positive/Trainpositive_sliced_images6593155783_5153bc148f_b.jpgface1.bmp 5.8899e-05 5.89208e-08 0.000249689 0.997681 0.000237833 0.000182627 0.00158947 
../imgs/train_crops/positive/TrainPositive2074110828_6f2ac5312d_z.jpgface2.bmp 0.0387875 0.000205594 0.175295 0.00546797 0.545042 0.0131139 0.222087 
../imgs/train_crops/positive/Trainpositive_sliced_images3032703733_dee1b77cc0_b.jpgface32.bmp 0.183835 0.000288868 0.279842 0.0471672 0.20867 0.0111224 0.269075 
../imgs/train_crops/positive/Trainpositive_sliced_images6791849462_b4628c1de1_b.jpgface0.bmp 0.010809 6.12906e-05 0.00890907 0.962924 0.00524691 0.0112042 0.000845312 
../imgs/train_crops/positive/Trainpositive_sliced_images5014888442_c42e849793_b.jpgface1.bmp 0.0252719 0.000825222 0.0920319 0.0222163 0.84051 0.00115047 0.0179938 
../imgs/train_crops/positive/Trainpositive_sliced_images24D1C78100000578-2915617-Giroud_slides_in_jubilant_celebration_and_is_joined_by_Arsenal_t-m-51_1421602651509.jpgface13.bmp 0.14087 0.00121069 0.0459026 0.160305 0.0353321 0.0740127 0.542367 
../imgs/train_crops/positive/Trainpositive_sliced_images343FE15500000578-3593119-Leonardo_Ulloa_centre_right_spots_Sportsmail_photographer_Graham-a-108_1463421228178.jpgface16.bmp 0.137464 1.96958e-05 0.0445353 0.20539 0.0554351 0.00347629 0.55368 
../imgs/train_crops/positive/Trainpositive_sliced_images6395478837_1093b9d502_b.jpgface1.bmp 0.248935 0.0456166 0.0973383 0.0313023 0.51685 0.00108967 0.0588675 
../imgs/train_crops/positive/Trainpositive_sliced_images4614912484-crayola-costumes.jpgface0.bmp 0.00676954 1.71468e-05 0.00622347 0.785221 0.0287116 0.000103887 0.172953 
../imgs/train_crops/positive/Trainpositive_sliced_images5049648671_5874e84be2_b.jpgface3.bmp 0.000464645 4.52727e-05 0.00156438 0.963615 0.000453697 0.00608846 0.0277686 
../imgs/train_crops/positive/TrainPositive3788367283_97ec03f4e1_z.jpgface2.bmp 0.0106437 1.17506e-08 0.0304733 0.000926748 0.937654 3.13381e-05 0.0202705 
../imgs/train_crops/positive/Trainpositive_sliced_images5050229864_8f1b816905_b.jpgface0.bmp 7.00359e-05 1.93089e-06 0.000165417 0.993865 0.000133719 5.07823e-05 0.00571358 
../imgs/train_crops/positive/Trainpositive_sliced_images2664167775_260f0f74b1_b.jpgface2.bmp 0.265701 0.000382109 0.188248 0.0466357 0.205491 0.0228787 0.270663 
../imgs/train_crops/positive/Trainpositive_sliced_images539861538.jpgface0.bmp 0.0185434 0.000290568 0.0102021 0.963325 0.00239471 8.01382e-05 0.00516388 
../imgs/train_crops/positive/TrainPositive450720724-german-world-cup-fans-celebrate-the-victory-gettyimages.jpgface7.bmp 0.199693 0.00649442 0.0634368 0.369467 0.0727902 0.103834 0.184285 
../imgs/train_crops/positive/TrainPositive165422116_23779fd7ce_z.jpgface1.bmp 0.00367369 1.5647e-06 0.000283456 0.942169 0.00344907 0.002046 0.0483775 
../imgs/train_crops/positive/TrainPositive545344_10150956572179068_852601678_n-350x350.jpgface2.bmp 0.004375 0.000172972 0.000484931 0.970875 0.00485107 0.000248629 0.0189925 
../imgs/train_crops/positive/Trainpositive_sliced_images023-DSC_0237.jpgface3.bmp 0.263464 0.00470992 0.326437 0.157152 0.146737 0.00982035 0.091679 
../imgs/train_crops/positive/Trainpositive_sliced_images231422582_cf32a1ed62_b.jpgface5.bmp 0.323003 0.000354181 0.0724094 0.560479 0.0142925 0.00612161 0.0233405 
../imgs/train_crops/positive/Trainpositive_sliced_images5014888510_ee47069070_b.jpgface2.bmp 6.22499e-05 1.74543e-06 2.86963e-06 0.999006 2.28675e-05 0.000278671 0.00062587 
../imgs/train_crops/positive/TrainPositive195230301_89ae0c22fa_z.jpgface0.bmp 2.6378e-05 2.25473e-08 1.01836e-06 0.996113 1.09216e-05 3.72308e-05 0.00381103 
../imgs/train_crops/positive/TrainPositive3232586171_1d8746829f_z.jpgface0.bmp 0.088666 1.05625e-05 0.0121101 0.865772 0.0173579 0.0030035 0.0130803 
../imgs/train_crops/positive/Trainpositive_sliced_images3032703733_dee1b77cc0_b.jpgface21.bmp 0.312442 0.00112611 0.0493467 0.0832669 0.479161 0.000695203 0.0739621 
../imgs/train_crops/positive/Trainpositive_sliced_images6130067498_14d834f7e2_b.jpgface40.bmp 0.467676 0.000324302 0.0626022 0.0196624 0.0899815 0.00343975 0.356313 
../imgs/train_crops/positive/Trainpositive_sliced_images4771680729_bc2a7f651f_b.jpgface7.bmp 0.0460467 0.000427614 0.0216918 0.40098 0.437234 0.0020743 0.0915455 
../imgs/train_crops/positive/TrainPositive30-Oct-Bathinda--CM-Punjab-2-1.jpgface1.bmp 0.21661 0.000155854 0.023095 0.487878 0.166673 0.00256161 0.103027 
../imgs/train_crops/positive/Trainpositive_sliced_images5113108793_267af6fc10_b.jpgface0.bmp 0.117992 0.000416315 0.0248498 0.227932 0.32036 0.00313833 0.305311 
../imgs/train_crops/positive/Trainpositive_sliced_images016.jpgface3.bmp 0.133616 0.000467756 0.227385 0.457697 0.0690852 0.0128228 0.0989255 
../imgs/train_crops/positive/Trainpositive_sliced_images2015-Convocation-001.jpgface56.bmp 0.108684 0.00157796 0.170745 0.163823 0.0269874 0.0950581 0.433124 
../imgs/train_crops/positive/Trainpositive_sliced_images2553236304_9dec45fa69_b.jpgface5.bmp 0.0947616 0.00150322 0.200741 0.099012 0.327456 0.0446276 0.231899 
../imgs/train_crops/positive/TrainPositive1112968765_8814.jpgface2.bmp 0.225067 0.0102851 0.418505 0.0367365 0.241531 0.00339091 0.0644853 
../imgs/train_crops/positive/TrainPositive2503785482_187ba2cd14_z.jpgface0.bmp 0.00233114 2.32359e-05 0.000841586 0.991888 0.00292473 0.00183972 0.000151559 
../imgs/train_crops/positive/Trainpositive_sliced_images5746777201_ccc7054ef8_b.jpgface13.bmp 0.267423 0.0062522 0.0891512 0.100695 0.302835 0.209032 0.0246121 
../imgs/train_crops/positive/Trainpositive_sliced_images5834236709_a740a08985_b.jpgface2.bmp 0.252376 0.000221854 0.0395397 0.0217072 0.571436 0.0239281 0.0907905 
../imgs/train_crops/positive/Trainpositive_sliced_images5679876885_213cfb5dde_b.jpgface1.bmp 0.0738066 1.12567e-06 0.00889394 0.0305052 0.180658 0.0302601 0.675875 
../imgs/train_crops/positive/Trainpositive_sliced_images6797922096_368ba2fbf7_b.jpgface6.bmp 0.433134 0.000584287 0.140497 0.263954 0.0634776 0.00908673 0.089267 
../imgs/train_crops/positive/Trainpositive_sliced_images5546090319_98db3d9fbc_b.jpgface7.bmp 0.0870136 9.33019e-06 0.029205 0.000374325 0.862767 4.72826e-05 0.0205833 
../imgs/train_crops/positive/TrainPositive140710-electric-daisy-carnival-death-ecstacy-640x427.jpgface47.bmp 0.395039 0.0550236 0.0480131 0.203983 0.195564 0.0842639 0.0181138 
../imgs/train_crops/positive/Trainpositive_sliced_images2015_0122actplayspr0023.jpgface4.bmp 0.354936 4.56899e-05 0.154543 0.0411972 0.209277 0.00145779 0.238544 
../imgs/train_crops/positive/Trainpositive_sliced_images3002185897_f4f4852c1f_b.jpgface1.bmp 0.00205682 6.1436e-05 8.82486e-05 0.996055 0.00121634 0.000432251 9.02873e-05 
../imgs/train_crops/positive/TrainPositive3601852446_a24cfe7359_z.jpgface3.bmp 0.574558 0.0004065 0.0582825 0.0463642 0.29835 0.00989521 0.0121444 
../imgs/train_crops/positive/Trainpositive_sliced_images150809_outsidelands1534_bay122.jpgface48.bmp 0.781329 0.000170734 0.0351381 0.0328233 0.0746208 0.00102481 0.0748936 
../imgs/train_crops/positive/Trainpositive_sliced_images498474282.jpgface4.bmp 0.201634 0.000293886 0.0369836 0.054572 0.604764 0.00104424 0.100709 
../imgs/train_crops/positive/Trainpositive_sliced_images5680492762_7c346bc9b9_b.jpgface1.bmp 0.0241894 7.67921e-05 0.0997756 0.695633 0.0597763 0.00289269 0.117656 
../imgs/train_crops/positive/Trainpositive_sliced_images3618903929_ced414967b_b.jpgface6.bmp 0.216217 0.0615612 0.0472932 0.532914 0.0658268 0.0178425 0.0583451 
../imgs/train_crops/positive/TrainPositive257807FD00000578-2944946-A_petition_signed_by_100_000_British_Muslims_was_handed_to_No_10-a-65_1423424837552.jpgface16.bmp 0.0409133 0.00593339 0.226311 0.0135527 0.652785 0.0321198 0.028385 
../imgs/train_crops/positive/Trainpositive_sliced_images147729116.jpgface58.bmp 0.428992 0.000615677 0.0700174 0.18784 0.0367491 0.0369743 0.238811 
../imgs/train_crops/positive/TrainPositive525841168.jpgface3.bmp 0.0280112 0.0261642 0.036193 0.617819 0.0560852 0.01007 0.225658 
../imgs/train_crops/positive/Trainpositive_sliced_images842212757_31be539d88_b.jpgbface1.bmp 0.120375 0.00097626 0.0126818 0.0155311 0.239532 0.00120743 0.609695 
../imgs/train_crops/positive/TrainPositive53460273.cms.jpgface3.bmp 0.096467 0.399502 0.0342232 0.368453 0.00647363 0.0578634 0.0370184 
../imgs/train_crops/positive/Trainpositive_sliced_images00100301_H47119301.jpgbface4.bmp 0.0563747 0.000125872 0.028108 0.0302956 0.59115 0.00043507 0.293511 
../imgs/train_crops/positive/Trainpositive_sliced_images56e43fa066e88.image.jpgbface0.bmp 0.0777766 0.00110051 0.058566 0.799128 0.0488061 0.00285564 0.0117677 
../imgs/train_crops/positive/Trainpositive_sliced_images4156165038_f8137037bc_b.jpgface9.bmp 0.524827 0.00257888 0.07139 0.10442 0.210632 0.00471635 0.081435 
../imgs/train_crops/positive/Trainpositive_sliced_images5014277375_b5c73153d1_b.jpgface18.bmp 0.532346 0.000241563 0.0420151 0.0584286 0.27544 0.00133646 0.0901926 
../imgs/train_crops/positive/Trainpositive_sliced_images2408990.jpgface15.bmp 0.103016 0.0037002 0.0397351 0.628716 0.15859 0.0020952 0.0641471 
../imgs/train_crops/positive/Trainpositive_sliced_images920x920-007.jpgbface16.bmp 0.181031 0.000592257 0.252309 0.11941 0.302492 0.0162154 0.127951 
../imgs/train_crops/positive/Trainpositive_sliced_images24D1C78100000578-2915617-Giroud_slides_in_jubilant_celebration_and_is_joined_by_Arsenal_t-m-51_1421602651509.jpgface36.bmp 0.179686 0.000336256 0.0779524 0.0955034 0.027157 0.076843 0.542522 
../imgs/train_crops/positive/Trainpositive_sliced_images451295638.jpgface0.bmp 0.00152262 0.00130608 0.00175041 0.967558 0.00837099 0.00282036 0.016671 
../imgs/train_crops/positive/Trainpositive_sliced_images4927150698_5e56eab4c7_b.jpgface4.bmp 0.175702 0.00344033 0.0593558 0.443283 0.109133 0.0314606 0.177625 
../imgs/train_crops/positive/Trainpositive_sliced_images20120520_Bay-to-Breakers_5605.jpgface11.bmp 0.502876 0.00780891 0.0527695 0.264082 0.121112 0.0244765 0.0268752 
../imgs/train_crops/positive/Trainpositive_sliced_images1035x711-edc1800-1403624340.jpgface15.bmp 0.351538 0.0031446 0.0433547 0.0885023 0.471728 0.029512 0.0122203 
../imgs/train_crops/positive/Trainpositive_sliced_images2876556620_02ef8145e6_b.jpgface2.bmp 0.239644 5.5226e-05 0.0169324 0.484496 0.157635 0.000887467 0.100351 
../imgs/train_crops/positive/Trainpositive_sliced_images6001067520_0e2c5b601f_b.jpgface1.bmp 0.000226389 1.74311e-05 4.05231e-05 0.995616 1.19499e-05 5.21614e-05 0.00403595 
../imgs/train_crops/positive/Trainpositive_sliced_images3419681996_9e9d479438_b.jpgface1.bmp 0.000861525 4.32002e-06 0.00083288 0.965101 0.00319611 0.00432063 0.0256832 
../imgs/train_crops/positive/Trainpositive_sliced_images5680706246_6d504b9901_b.jpgface3.bmp 0.16322 0.0440581 0.114091 0.477002 0.192112 0.000990234 0.00852559 
../imgs/train_crops/positive/Trainpositive_sliced_images6004492997_65e60f8187_b.jpgface4.bmp 0.178279 0.00122085 0.0472093 0.564485 0.138572 0.0019741 0.0682604 
../imgs/train_crops/positive/Trainpositive_sliced_images6795683883_6a4f467b7d_b.jpgface1.bmp 0.00280864 6.72734e-05 0.00303964 0.742637 0.00859183 0.0101109 0.232744 
../imgs/train_crops/positive/Trainpositive_sliced_images5014883794_979213e534_b.jpgface2.bmp 0.115042 0.000301225 0.0138104 0.0151257 0.852758 0.000915678 0.0020474 
../imgs/train_crops/positive/Trainpositive_sliced_images4917725713_df7628fd31_b.jpgface4.bmp 0.474803 0.000501352 0.0766897 0.314564 0.0192888 0.00882622 0.105327 
../imgs/train_crops/positive/TrainPositive543002102-wales-players-celebrate-their-victory-during-gettyimages.jpgface4.bmp 0.459391 0.000814361 0.0699154 0.0934493 0.106551 0.0287717 0.241107 
../imgs/train_crops/positive/Trainpositive_sliced_images27268891-WESTENHANGER-UK-JULY-18-The-Jive-Aces-and-Satin-Dollz-performance-acts-line-up-for-a-photo-opportuni-Stock-Photo.jpgface0.bmp 0.0165282 0.00335294 0.0159029 0.758903 0.170792 0.00760605 0.0269146 
../imgs/train_crops/positive/Trainpositive_sliced_images842210151_868c8677b6_b.jpgface4.bmp 0.179215 0.00894194 0.207587 0.119616 0.221242 0.0860972 0.177301 
../imgs/train_crops/positive/Trainpositive_sliced_images6817837312_76462b6f74_b.jpgface0.bmp 0.00461817 8.99286e-06 0.00186849 0.018009 0.0181018 0.000772915 0.956621 
../imgs/train_crops/positive/Trainpositive_sliced_images4789220911_e5de131928_b.jpgface11.bmp 0.316389 0.0025274 0.113313 0.222401 0.13666 0.0517747 0.156934 
../imgs/train_crops/positive/TrainPositive55de2f625f491.image.jpgface4.bmp 0.00277706 5.12779e-07 0.000436662 0.957186 0.00208212 0.0103944 0.0271231 
../imgs/train_crops/positive/Trainpositive_sliced_images231428104_4b7d8d0570_b.jpgface0.bmp 0.000422099 0.000154282 0.00423187 0.932063 0.0194166 0.00186913 0.041843 
../imgs/train_crops/positive/Trainpositive_sliced_images452182304-1024x689.jpgface22.bmp 0.100934 0.179223 0.0709708 0.124341 0.126448 0.0042348 0.393849 
../imgs/train_crops/positive/Trainpositive_sliced_images3607158792_cc934149fe_b.jpgface0.bmp 0.59224 0.000964052 0.058489 0.104053 0.0322105 0.181306 0.0307379 
../imgs/train_crops/positive/Trainpositive_sliced_images147729116.jpgface39.bmp 0.212347 0.000119743 0.132691 0.273964 0.0400836 0.026745 0.31405 
../imgs/train_crops/positive/Trainpositive_sliced_images1337189230_8470e56df5_b.jpgface19.bmp 0.149965 0.000355458 0.177583 0.313621 0.0220182 0.0275242 0.308932 
../imgs/train_crops/positive/TrainPositive3047974447_d8a2cfaee6_z.jpgface1.bmp 2.93745e-05 9.91598e-08 3.28975e-06 0.999892 1.08122e-05 3.1575e-05 3.27386e-05 
../imgs/train_crops/positive/Trainpositive_sliced_images147729116.jpgface6.bmp 0.177813 0.000734072 0.126356 0.115047 0.222646 0.0257441 0.33166 
../imgs/train_crops/positive/Trainpositive_sliced_images4188316176_94915f4fef_b.jpgface2.bmp 0.621258 0.00652441 0.0137486 0.0902027 0.15358 0.077279 0.0374076 
../imgs/train_crops/positive/Trainpositive_sliced_images5014884176_0876fc51a1_b.jpgface9.bmp 0.294621 0.00137546 0.0731761 0.0938525 0.464809 4.31706e-05 0.0721226 
../imgs/train_crops/positive/Trainpositive_sliced_images4785330173_df41458c29_b.jpgface0.bmp 4.60156e-05 8.80964e-05 3.86891e-05 0.997866 0.000132817 0.000480936 0.00134714 
../imgs/train_crops/positive/Trainpositive_sliced_images528010260_d17ae2b1da_b.jpgface0.bmp 0.23785 2.31914e-05 0.0650668 0.0322425 0.347325 0.00177327 0.31572 
../imgs/train_crops/positive/TrainPositive5669246716_d5f7b0454d_z.jpgface2.bmp 0.0019821 1.93327e-07 0.00077105 0.982604 0.00960719 0.000486249 0.00454913 
../imgs/train_crops/positive/TrainPositive3611-erikkabik2.jpgface38.bmp 0.0838032 0.000122316 0.109183 0.145987 0.611019 0.0159952 0.0338905 
../imgs/train_crops/positive/Trainpositive_sliced_images5676793560_6f8138331d_b.jpgface1.bmp 0.0972156 0.000276584 0.164344 0.231415 0.148242 0.0103112 0.348196 
../imgs/train_crops/positive/Trainpositive_sliced_images6691676749_2448d496d8_b.jpgface12.bmp 0.130028 0.00146402 0.0812858 0.150566 0.48106 0.0103996 0.145196 
../imgs/train_crops/positive/Trainpositive_sliced_images2015-Convocation-001.jpgface7.bmp 0.221306 0.00684311 0.0183673 0.577127 0.0410806 0.00709723 0.128179 
../imgs/train_crops/positive/Trainpositive_sliced_images5624085163_20ff159322_b.jpgface0.bmp 0.0092349 0.000210669 0.0487486 0.0911943 0.425746 1.23387e-05 0.424853 
../imgs/train_crops/positive/Trainpositive_sliced_images3618903133_577e6702ca_b.jpgface1.bmp 0.00469753 1.0038e-05 0.00488572 0.947567 0.0185633 0.000950178 0.0233265 
../imgs/train_crops/positive/Trainpositive_sliced_images15.jpgface0.bmp 0.00968013 6.38604e-05 0.00494201 0.684951 0.0400843 0.0152572 0.245022 
../imgs/train_crops/positive/TrainPositive13-protesters-trump-rally-chicago.w529.h352.jpgface2.bmp 0.40707 5.17369e-05 0.301917 0.016742 0.223923 0.0129452 0.0373511 
../imgs/train_crops/positive/TrainPositive140710-electric-daisy-carnival-death-ecstacy-640x427.jpgface21.bmp 0.175783 0.0267115 0.244186 0.00676557 0.426362 0.0349135 0.0852785 
../imgs/train_crops/positive/Trainpositive_sliced_images6395499635_ac5e3cc5de_b.jpgface1.bmp 0.0898769 0.0039098 0.0553218 0.355759 0.146602 0.162548 0.185983 
../imgs/train_crops/positive/Trainpositive_sliced_images842219165_f339f4fc78_b.jpgface1.bmp 0.180606 0.00176281 0.249242 0.0127405 0.333577 0.0344759 0.187596 
../imgs/train_crops/positive/Trainpositive_sliced_images577431b4063b6.image.jpgbface1.bmp 1.47826e-06 1.43156e-09 2.20164e-06 0.998472 1.34508e-06 0.00135061 0.00017253 
../imgs/train_crops/positive/Trainpositive_sliced_images26725692_63bd37ab48_b.jpgface0.bmp 0.000164112 1.86641e-05 0.000298109 0.995078 0.000287733 2.76162e-05 0.00412563 
../imgs/train_crops/positive/Trainpositive_sliced_images6176392532_d7b4223a98_b.jpgface2.bmp 0.172949 0.000452888 0.0750061 0.436601 0.0949529 0.000460558 0.219578 
../imgs/train_crops/positive/Trainpositive_sliced_images395645143_92392a8b70_144_12943170@N00.xml.jpgbface5.bmp 0.543902 0.000338696 0.118542 0.0328397 0.239069 0.00809772 0.057211 
../imgs/train_crops/positive/TrainPositive6DP2-1fh.jpgface16.bmp 0.0498817 6.54178e-06 0.164229 0.255357 0.432983 0.0173418 0.0802016 
../imgs/train_crops/positive/Trainpositive_sliced_images5014275407_6399f0c69b_b.jpgface1.bmp 0.00544622 0.000306571 0.00352321 0.902808 0.00757619 0.0389097 0.0414304 
../imgs/train_crops/positive/Trainpositive_sliced_images539861566-1.jpgbface6.bmp 0.00192859 1.63944e-05 0.000641428 0.993545 0.000190854 0.00271682 0.000960892 
../imgs/train_crops/positive/Trainpositive_sliced_images12309875_936800443055035_674489075971676176_o-1280x474.jpgbface8.bmp 0.0480223 0.00391314 0.0450356 0.00621032 0.0399259 0.0321103 0.824782 
../imgs/train_crops/positive/Trainpositive_sliced_images5016869894_8a3ba564ea_b.jpgface7.bmp 0.132302 0.000511509 0.0738791 0.116206 0.415277 0.034998 0.226827 
../imgs/train_crops/positive/Trainpositive_sliced_images5049633101_002d593de4_b.jpgface1.bmp 0.0375989 3.23329e-05 0.0207812 0.00108638 0.0543812 0.000809781 0.88531 
../imgs/train_crops/positive/Trainpositive_sliced_images3252380825_be9e2672ff_b.jpgface1.bmp 0.0330437 2.82744e-05 0.171521 0.0112432 0.366387 0.0291768 0.388601 
../imgs/train_crops/positive/Trainpositive_sliced_images492500452.jpgface11.bmp 0.19317 7.04909e-05 0.168937 0.235556 0.104061 0.00408035 0.294125 
../imgs/train_crops/positive/Trainpositive_sliced_images5014884176_0876fc51a1_b.jpgface15.bmp 0.139539 0.00201685 0.244757 0.181478 0.0875905 0.259227 0.0853919 
../imgs/train_crops/positive/Trainpositive_sliced_images6473712043_bdf706c438_b.jpgface0.bmp 2.70432e-06 1.83369e-08 8.68035e-08 0.99936 1.64306e-06 4.72213e-05 0.000588879 
../imgs/train_crops/positive/Trainpositive_sliced_images4787426683_e79821e2a9_b.jpgface10.bmp 0.549756 0.0281363 0.0798546 0.109042 0.142155 0.0293806 0.0616752 
../imgs/train_crops/positive/Trainpositive_sliced_images5913082901_cab415f4df_b.jpgface5.bmp 0.0661495 0.00284785 0.0644396 0.0194299 0.827953 0.0100442 0.00913627 
../imgs/train_crops/positive/Trainpositive_sliced_images5535172656_e78fa27d42_b.jpgface1.bmp 0.00100636 6.58031e-06 7.41565e-05 0.946148 0.0050169 0.000395941 0.0473525 
../imgs/train_crops/positive/Trainpositive_sliced_images528015156_fc36bfebaf_b.jpgface0.bmp 0.00871888 1.41039e-05 0.0164213 0.0324963 0.0724189 0.000256288 0.869674 
../imgs/train_crops/positive/Trainpositive_sliced_images2673947484_95c6c16d00_b.jpgface0.bmp 0.000215852 2.12746e-06 0.0017923 0.979872 0.00301359 0.00391074 0.0111932 
../imgs/train_crops/positive/Trainpositive_sliced_images6317422549_31042a3334_b.jpgface1.bmp 0.00332312 3.80407e-06 0.00036501 0.979205 0.00143139 5.81664e-05 0.0156135 
../imgs/train_crops/positive/Trainpositive_sliced_images2677373560_dacb260449_b.jpgface3.bmp 0.00119682 7.85507e-07 0.000492049 0.994485 0.00038584 0.000538939 0.00290006 
../imgs/train_crops/positive/Trainpositive_sliced_images26725692_63bd37ab48_b.jpgface3.bmp 0.715734 0.00608455 0.0202095 0.0827447 0.13079 0.0276902 0.0167477 
../imgs/train_crops/positive/Trainpositive_sliced_images534987532.jpgface2.bmp 0.00210311 6.07215e-06 0.000958071 0.992214 0.00097507 0.00109991 0.00264357 
../imgs/train_crops/positive/Trainpositive_sliced_images1337209176_0ddddf5f95_b.jpgface18.bmp 0.276566 0.0506415 0.160464 0.0898446 0.344683 0.0501663 0.0276351 
../imgs/train_crops/positive/Trainpositive_sliced_images12309875_936800443055035_674489075971676176_o-1280x474.jpgbface0.bmp 0.613112 0.0139432 0.213196 0.0219265 0.0450697 0.0698809 0.0228712 
../imgs/train_crops/positive/Trainpositive_sliced_images5883893669_304d832f35_b.jpgface0.bmp 0.000933441 1.55044e-05 0.000127158 0.994653 0.000321484 4.22936e-05 0.00390683 
../imgs/train_crops/positive/Trainpositive_sliced_images1337204486_eac62ed197_b.jpgface9.bmp 0.113339 8.08736e-05 0.156662 0.286102 0.0935848 0.00349042 0.346741 
../imgs/train_crops/positive/Trainpositive_sliced_images4614912954-smurfs-bay-breakers-san-francisco.jpgface4.bmp 0.00112672 1.67257e-07 5.58065e-05 0.997276 0.000188577 5.79182e-05 0.00129493 
../imgs/train_crops/positive/Trainpositive_sliced_images5254868404_e673d6a13e_b.jpgface6.bmp 0.182367 0.000574555 0.208281 0.0867228 0.0189821 0.0397019 0.463371 
../imgs/train_crops/positive/Trainpositive_sliced_images6129518151_0f986e8a51_b.jpgface7.bmp 0.308611 0.00137942 0.141213 0.231114 0.140648 0.0303764 0.146658 
../imgs/train_crops/positive/Trainpositive_sliced_images815ef483c7804ceabf60a648970f599b.jpgbface0.bmp 0.00032857 4.45808e-06 0.00224341 0.97171 0.000814861 0.00154363 0.0233553 
../imgs/train_crops/positive/TrainPositive01-1e343.jpgface6.bmp 0.531798 0.000789362 0.040945 0.316889 0.0366534 0.00200014 0.0709247 
../imgs/train_crops/positive/TrainPositive1112968765_8814.jpgface13.bmp 0.299073 0.000447395 0.0916996 0.0174162 0.197636 0.00215072 0.391578 
../imgs/train_crops/positive/Trainpositive_sliced_images156223477_ac358b5354_b.jpgface5.bmp 0.415982 0.0028932 0.0391696 0.00812186 0.425319 0.00109798 0.107416 
../imgs/train_crops/positive/TrainPositive518924133-Soccer-Fans-Celebrate-Women-World-Cup-Victory.jpgface0.bmp 0.0316257 0.00969979 0.0035484 0.763353 0.0585908 0.00940423 0.123778 
../imgs/train_crops/positive/Trainpositive_sliced_images11303621-standard.jpgface6.bmp 0.0997531 0.000606307 0.123508 0.671356 0.0778357 0.00311352 0.0238271 
../imgs/train_crops/positive/Trainpositive_sliced_images452181430.jpgface3.bmp 0.00373885 0.000581975 0.015482 0.96864 0.00533129 0.00584135 0.000384142 
../imgs/train_crops/positive/Trainpositive_sliced_images070515-SOCCER-American-Attitude-MM-PI.jpgface0.bmp 0.152498 6.29178e-05 0.00665593 0.820484 0.00706742 0.0106462 0.0025862 
../imgs/train_crops/positive/Trainpositive_sliced_images5014274831_be14830472_b.jpgface0.bmp 0.00810218 0.000218228 0.0154273 0.848497 0.0743534 0.0399988 0.0134027 
../imgs/train_crops/positive/Trainpositive_sliced_images534987548.jpgface1.bmp 0.000339536 4.77947e-05 2.32726e-05 0.99883 0.000100587 0.000398285 0.000260249 
../imgs/train_crops/positive/Trainpositive_sliced_images4792816198_5554ac80c3_b.jpgface3.bmp 0.36782 0.00732785 0.0591999 0.0351649 0.494506 0.0112856 0.0246957 
../imgs/train_crops/positive/TrainPositive01-1e343.jpgface4.bmp 0.529792 0.0240247 0.0489765 0.00840253 0.10925 0.00151767 0.278036 
../imgs/train_crops/positive/Trainpositive_sliced_images2876577694_5fa18ee812_b.jpgface2.bmp 0.00917275 7.52957e-05 0.0142369 0.730987 0.0960407 0.0091232 0.140364 
../imgs/train_crops/positive/Trainpositive_sliced_images1337209176_0ddddf5f95_b.jpgface16.bmp 0.522939 0.00668232 0.251973 0.00698478 0.102146 0.00812721 0.101148 
../imgs/train_crops/positive/Trainpositive_sliced_images452181426.jpgface14.bmp 0.36853 0.000127428 0.147974 0.051 0.31729 0.00140677 0.113672 
../imgs/train_crops/positive/Trainpositive_sliced_images100th+baytobreakers+family.jpgface9.bmp 0.137016 0.0418427 0.0468896 0.624532 0.121191 0.00617474 0.0223539 
../imgs/train_crops/positive/Trainpositive_sliced_images528010260_d17ae2b1da_b.jpgface3.bmp 0.183665 0.000385928 0.0122558 0.434945 0.241702 0.00138404 0.125662 
../imgs/train_crops/positive/TrainPositive5014881942_a3d44dc795_z.jpgface8.bmp 0.132629 0.00714348 0.565192 0.010826 0.24507 0.0044838 0.034656 
../imgs/train_crops/positive/Trainpositive_sliced_images100280132_royal-fans-NEWS-xlarge_trans++piVx42joSuAkZ0bE9ijUnGH28ZiNHzwg9svuZLxrn1U.jpgbface1.bmp 0.0659306 0.111673 0.0457911 0.541131 0.0761949 0.00432151 0.154958 
../imgs/train_crops/positive/Trainpositive_sliced_images534987538.jpgface2.bmp 0.490528 0.000214574 0.0752919 0.202395 0.112862 0.00391795 0.114791 
../imgs/train_crops/positive/Trainpositive_sliced_images5254766693_2575111b3d_b.jpgface2.bmp 8.33652e-05 8.60227e-06 3.74239e-05 0.986236 0.000121947 0.000227016 0.0132854 
